     0     0.00000000000000000000E+00
     1     6.64341195724639371756E-02
     2     8.16121737771093410314E-15
     3     2.57789477076259923899E-10
     4     4.77535466176899866948E-09
     5     0.00000000000000000000E+00
     6     1.26910345777080677035E-09
     7     5.96573075793335203915E-19
     8     1.17036637624932243935E-18
     9     1.50224909412690893905E-08
    10     2.82179565224910270396E-16
    11     2.31648812543908670126E-17
    12     2.15494478462256720608E-08
    13     2.81454418498489974794E-08
    14     9.13648648228752144277E-09
    15     7.08590722260439914242E-16
    16     6.49990380045601165828E-06
    17     1.34059945273952901617E-05
    18     2.10448422625080856238E-14
    19     5.15663800066838806707E-10
    20     1.98632669528247030630E-05
    21     7.29819452860752651458E-13
    22     5.31249477054324866652E-15
    23     8.76833250458258191994E-15
    24     2.60675745500618260910E-06
    25     1.23379149444548032439E-09
    26     1.62152494550423110864E-09
    27     1.67413676204508305203E-07
    28     8.09642129270956157012E-12
    29     1.94042979512528363037E-15
    30     1.19235608545899562880E-14
    31     6.42675117126193797141E-15
    32     2.96050450889516836184E-07
    33     2.39377221994292780591E-13
    34     2.16784455726783571067E-08
    35     9.22331433193067830749E-08
    36     4.17672483478944847220E-10
    37     6.97413345070832617173E-14
    38     6.40735713739057149759E-08
    39     3.74459642259401508503E-09
    40     1.26754437753254070698E-06
    41     3.16211512692126479368E-07
    42     1.01054480901686712841E-11
    43     2.17640473170722889154E-08
    44     3.44578961971671643967E-07
    45     8.55212199733070744748E-10
    46     1.99230212256512369403E-06
    47     1.92914032036713078505E-06
    48     4.75537604420674065075E-09
    49     5.09538796713834762818E-15
    50     6.51458180773980114652E-07
    51     4.99841508518226376085E-07
    52     7.22094444569966646749E-11
    53     1.71271807778946468290E-07
    54     7.40116876956683621570E-07
    55     6.73203993843164078461E-11
    56     3.35316474281506405768E-07
    57     1.47859024058221863093E-16
    58     9.28007368323688682081E-09
    59     2.53313787331288211921E-18
    60     9.28628141861093036023E-11
    61     2.16994321144335622366E-07
    62     6.33022692679022702574E-08
    63     1.40201943825601010656E-09
    64     2.65255698730599844028E-07
    65     3.89665918242042862896E-10
    66     2.51263145732903517469E-08
    67     1.01129942534908090073E-07
    68     9.33431858401532676858E-11
    69     1.21525965741892181369E-07
    70     2.39784917809327417351E-08
    71     3.23167565898409159316E-15
    72     3.07801227515201431527E-07
    73     2.99019831780245520236E-07
    74     8.54358773908410414957E-07
    75     6.80506110017722012829E-12
    76     5.99447645452781820682E-09
    77     4.21039951890901257897E-07
    78     2.06746070841710770266E-06
    79     3.54614145208418584607E-10
    80     5.48913663605360560136E-08
    81     2.16301843338861804507E-10
    82     9.73190241235847743274E-08
    83     3.12331043965685656526E-07
    84     1.51111355470559142635E-06
    85     9.64379915239873063579E-11
    86     3.98133066907040060217E-09
    87     8.58126595389209698798E-09
    88     1.15226546873748879834E-12
    89     5.26974321333914487095E-07
    90     7.39653642652740171188E-07
    91     2.35688359531762548611E-10
    92     1.72827620499592541373E-07
    93     2.60286405882053964277E-10
    94     6.22952496163653049916E-09
    95     1.04696118091216784522E-13
    96     6.16171082716995393207E-10
    97     5.81387575016549719391E-14
    98     6.38639086286162513881E-09
    99     2.60577874268901447121E-07
   100     2.85727507335954298098E-07
   101     2.62745966089673365810E-10
   102     8.72471588917996884430E-08
   103     1.94795188448079196899E-07
   104     1.12581524863993123374E-08
   105     1.30744462900775895059E-07
   106     3.37014939676744432044E-07
   107     3.26829965825008471600E-11
   108     5.61039560472892272614E-09
   109     4.11118254465140553587E-16
   110     4.30886033443812206987E-13
   111     2.18812258757863384241E-10
   112     3.76442898335389879242E-11
   113     1.10498634903244738479E-07
   114     3.64152730841954966098E-11
   115     7.36399351884026454147E-08
   116     6.01103113276782195660E-09
   117     1.13325393632944808575E-10
   118     1.65360564182754056068E-07
   119     2.13779846340631119795E-07
   120     3.33880079440091735126E-07
   121     4.69506479160834046340E-07
   122     6.27869277303482582224E-07
   123     7.67784482272338261070E-07
   124     1.67931536397673284846E-06
   125     3.99361702277133026489E-10
   126     9.02495247912920301026E-10
   127     6.20986735224692628908E-10
   128     1.03781626021938867738E-06
   129     3.26151674648992293035E-08
   130     3.57119124974476951712E-07
   131     3.07267300452210982772E-08
   132     1.80021339370468209641E-07
   133     3.36085846911394234837E-10
   134     3.68677492491488800817E-07
   135     9.24178795687441554696E-09
   136     4.97020324895441068330E-10
   137     6.38861856448919108096E-09
   138     4.17416286781961161958E-09
   139     5.64818805286855654165E-15
   140     5.19873050145109205921E-11
   141     3.68689060962438995388E-07
   142     3.56433419165243809009E-05
   143     2.08895944833256024477E-08
   144     1.99717267441640321802E-08
   145     4.42102468717575661751E-14
   146     5.95561907526060379012E-11
   147     7.31287361575200739972E-14
   148     1.03280111820237333237E-10
   149     3.55764656537316649801E-05
   150     5.44548759492392470713E-05
   151     4.73313882707134141284E-09
   152     3.72421689112487386274E-07
   153     6.29354520877116241187E-11
   154     3.21401082241322002961E-08
   155     3.97454257986986340566E-05
   156     4.74141730656344996759E-05
   157     3.94792691177342531421E-08
   158     6.64389610419564082504E-08
   159     1.78963237852971235794E-08
   160     4.29399362739394239888E-05
   161     1.14088256774389030478E-06
   162     6.20130974186289035759E-07
   163     1.51998604257051208953E-06
   164     4.55261153863123932905E-05
   165     4.60212319416936129087E-05
   166     6.85902675474909357366E-05
   167     6.82550756888367119570E-08
   168     5.51542948301180763243E-09
   169     1.32152358347343854895E-05
   170     1.14944721121158354316E-06
   171     4.11573068559971811785E-05
   172     6.83475810629570983942E-06
   173     4.77136810203657073290E-07
   174     4.25317290448407763805E-05
   175     5.47339613817330106270E-05
   176     7.61111637382433722657E-05
   177     9.18551448036786681920E-07
   178     1.21602548302723051111E-06
   179     2.62978612109047175105E-06
   180     1.13636579782046417483E-07
   181     2.91994045183037138154E-05
   182     3.67741565716718236587E-06
   183     3.25932866084977291058E-05
   184     7.34914817728844037287E-06
   185     3.02721032677987549473E-07
   186     3.95189597516999718959E-05
   187     6.05702359331066741695E-05
   188     7.96791487777387933853E-05
   189     1.15320830293512939578E-04
   190     1.67556553398649353982E-04
   191     1.79739054447273127919E-04
   192     3.51269716131620015308E-04
   193     1.10051019965844839999E-06
   194     1.86918529763172357488E-08
   195     4.16564298842163653006E-04
   196     6.52546875785732428202E-07
   197     1.58322242363132332803E-08
   198     1.29194380664776373707E-06
   199     6.99355802400213937647E-08
   200     7.03283790187743276887E-05
   201     3.75114862233553383812E-07
   202     1.09262669372859995355E-04
   203     2.80235786680500306288E-05
   204     2.04741566888226570364E-05
   205     4.67761982082091237224E-06
   206     2.61836822832577156229E-06
   207     9.61361667152611191079E-05
   208     5.03246998059551087766E-05
   209     8.14735542378525236861E-07
   210     5.26495318110634655858E-05
   211     6.50704768955377918750E-08
   212     2.97418461951375932644E-05
   213     2.79293533484616079271E-05
   214     3.55392669582567015055E-08
   215     7.28239219767359141633E-05
   216     2.13737142314408057667E-06
   217     2.46788757320475564565E-06
   218     1.10773156069704758466E-04
   219     2.05308488885979308310E-08
   220     4.92746276969025113068E-08
   221     8.54270817487879220546E-05
   222     1.29213218287991263777E-04
   223     2.11190387598928819275E-08
   224     3.74167407637287775588E-07
   225     1.41356724943426303255E-05
   226     4.14911342231965371026E-08
   227     8.32852123453687188254E-05
   228     1.33769925107666225574E-04
   229     9.74982792470175388877E-05
   230     3.00706430436337975864E-07
   231     4.33028539861056739331E-05
   232     1.84459676676875292344E-06
   233     9.42168488246435547122E-07
   234     4.78510014546135950688E-06
   235     2.59761504437647783339E-08
   236     5.35943674377688616690E-12
   237     2.92060326657035847611E-14
   238     1.44239732897363052634E-14
   239     5.52266786505792938408E-14
   240     3.21978491199063591859E-14
   241     4.38767581514337696424E-13
   242     4.90098366347595167922E-14
   243     1.15831542336475323104E-12
   244     1.37207006009552057276E-13
   245     9.57943326570236145440E-13
   246     1.97444175169830748372E-13
   247     6.84197096338165530941E-13
   248     4.55503718492992360189E-11
   249     2.38518158105192820629E-10
   250     1.02999164427716129845E-08
   251     4.72127567268137380209E-07
   252     1.11069161783745684960E-05
   253     3.61939712238443054853E-08
   254     2.35415951770343698690E-06
   255     1.30874428292556790987E-07
   256     5.05021729224440457217E-06
   257     9.06808394094078906525E-09
   258     2.11301480967464900457E-07
   259     4.08364266057865745833E-07
   260     1.05002499559698094357E-05
   261     5.90313352440586655525E-07
   262     3.89917370374948003690E-06
   263     5.24987864143972978652E-06
   264     1.50388324345586813679E-05
   265     1.60413068536647017209E-05
   266     6.38254708053109895850E-05
   267     2.10940742213302451853E-05
   268     4.09180768120398391280E-05
   269     6.84339503808598662244E-05
   270     9.20546109810562991713E-05
   271     6.92594040600031437280E-05
   272     1.93638307832491818644E-08
   273     9.01857010213412142296E-05
   274     1.11221929733729563844E-04
   275     1.47928572512686859475E-04
   276     1.87444117723470365803E-04
   277     6.58070544186885568144E-08
   278     4.66977324583297230876E-13
   279     2.93065555040805624021E-15
   280     2.02477721469799888717E-14
   281     3.23519593797433470023E-15
   282     1.07790099986184734179E-14
   283     2.23518321509339479868E-15
   284     3.57458739194152557411E-15
   285     8.83324367139405139208E-15
   286     1.67911695836227302188E-12
   287     1.30712902584983904804E-11
   288     6.76141512508714730479E-10
   289     4.38321909654783321667E-07
   290     2.46883736534621400621E-19
   291     1.67907768179522905378E-19
   292     1.80260818209510793914E-21
   293     7.68746289621608465138E-23
   294     1.08067613730366776811E-23
   295     6.08474908689960303541E-24
   296     3.69933367901188240184E-22
   297     2.36453952470198981999E-30
   298     2.23525580397001775533E-29
   299     7.18227200741898904252E-28
   300     1.00423809392350369599E-27
   301     1.01811739112756241588E-26
   302     9.32687474060004012358E-27
   303     1.24281986206652114318E-25
   304     5.13211048235199560138E-25
   305     1.12827151394043969673E-24
   306     9.16226518291701281045E-30
   307     5.55381219346903908943E-33
   308     3.24767663771238151764E-32
   309     3.02714556940419759328E-32
   310     2.12054070361111330285E-38
   311     4.06642168088273113808E-43
   312     1.37529062621306193792E-42
   313     1.93175895814821901569E-42
   314     7.60221458664505939807E-39
   315     1.29150898573306070358E-38
   316     1.30507666043522387418E-33
   317     1.22856155838424294912E-33
   318     2.66039864097074874923E-30
   319     3.27437915428565196916E-30
   320     1.05066958619933317636E-27
   321     2.23833531712711941646E-27
   322     1.43525645148810841961E-24
   323     7.79766581064336655854E-27
   324     1.56588377831314629732E-26
   325     6.80942482700112783945E-26
   326     2.40825935600888564060E-25
   327     2.37533860194521953341E-25
   328     8.23591229437708381753E-28
   329     1.24905253227048040018E-27
   330     1.57653888607448838775E-26
   331     1.78383622538310244829E-24
   332     4.20286018524508451563E-24
   333     7.12431337316537993104E-39
   334     4.87873349261961950626E-36
   335     9.92806781336000091419E-37
   336     1.11972046925601406572E-33
   337     7.34913221081879703510E-30
