     0     0.00000000000000000000E+00
     1     3.39655156587614958015E-12
     2     1.07524622660653364396E-20
     3     6.08645773136561399074E-14
     4     2.05383277367986006183E-12
     5     0.00000000000000000000E+00
     6     7.67302932963529809589E-12
     7     1.27521826891464927142E-14
     8     1.59681011825847485688E-17
     9     3.77121028122473504489E-09
    10     7.82192176566779791850E-10
    11     1.89061150939113317404E-12
    12     4.87863459754422396336E-11
    13     8.59243422163088527406E-11
    14     6.30090541040458240697E-08
    15     4.57529896462235417717E-06
    16     1.93394424452110454485E-05
    17     2.79945855492427753234E-07
    18     1.05545247277282424367E-06
    19     1.11836121738685034994E-05
    20     2.14909556075818880755E-06
    21     3.03538468983559718412E-06
    22     7.94523728695998522923E-08
    23     2.76354552889000364076E-06
    24     4.59638854247494534113E-07
    25     1.85232973497544028854E-06
    26     1.14080664858061665327E-06
    27     4.40333973421826046153E-07
    28     1.15275403288922128656E-07
    29     1.42930737308666690729E-07
    30     4.10205602359036407644E-07
    31     3.80972748099681568841E-08
    32     7.13358171820943312638E-08
    33     7.93276227512121326420E-08
    34     2.72906651672593130307E-07
    35     9.57660129933284305751E-09
    36     1.30727122133118502626E-07
    37     1.48297852595506964889E-08
    38     5.36350515794112694953E-09
    39     8.67618974670888773233E-09
    40     2.30868921640579425185E-08
    41     1.04785995325204169680E-07
    42     5.82823599420289800336E-08
    43     5.39515635848038108613E-08
    44     3.29927091017129837918E-07
    45     8.43023502389081870100E-07
    46     5.59019661839903285744E-08
    47     1.66588929063503639188E-07
    48     8.67070271325443370916E-07
    49     1.75893103424145476875E-07
    50     1.10690105976950150252E-07
    51     5.26167018989016462855E-07
    52     3.33130058172214838995E-07
    53     1.19244034148754969806E-07
    54     1.91925878559992117809E-07
    55     1.63760684074959892885E-08
    56     1.09470399893363814789E-07
    57     5.80139934954955222579E-09
    58     9.86566852491130251608E-09
    59     9.76442612339507229128E-09
    60     2.69531636664982082411E-09
    61     1.31404294827678807906E-08
    62     2.63612220852818627952E-08
    63     7.85443587054800635630E-09
    64     4.03389821053049647210E-08
    65     1.13424403993706806738E-08
    66     3.74642544325872704495E-09
    67     5.68979948589037590713E-08
    68     7.93926007900387668854E-08
    69     1.62732372803726823214E-08
    70     7.52327606538697958013E-08
    71     5.43361997877168031332E-08
    72     1.87368610477552176075E-07
    73     7.40080408094825700432E-08
    74     9.81436850911908961635E-08
    75     1.00816008636180132583E-07
    76     7.54966407195649026183E-07
    77     1.16465613628589369729E-06
    78     1.20270030963329064053E-06
    79     4.59855690472452980575E-06
    80     3.49257032030572949028E-06
    81     4.15486652306630904862E-07
    82     6.14067158774901798162E-07
    83     1.28029319078187018915E-06
    84     1.55182670365401499449E-06
    85     8.35422363459621565263E-07
    86     8.00932771051147560886E-07
    87     4.90542063771220973638E-07
    88     4.08909340616987177976E-07
    89     4.23373243740322012766E-07
    90     4.55717737517193291982E-07
    91     1.40941656419609549288E-07
    92     3.43268089918860949722E-08
    93     1.36409219741696321441E-08
    94     1.19737102099418164346E-08
    95     4.90228203095520126462E-08
    96     3.66549532758177384242E-08
    97     1.51919889189538862753E-07
    98     8.04203038372365500971E-08
    99     2.23453985594317976304E-08
   100     1.58481975253597089686E-08
   101     5.43871427288825530079E-08
   102     7.17523893654526176855E-08
   103     2.80033653936765218835E-08
   104     1.50776526673834616684E-07
   105     3.86614586066983582254E-08
   106     7.61425036724323709789E-07
   107     6.00399327461908238778E-07
   108     6.37862831504056093203E-07
   109     4.85216820364798937383E-07
   110     2.52167515640505921873E-06
   111     2.59685603610525553818E-06
   112     4.80467846218024600405E-06
   113     1.57671672428310189064E-06
   114     1.87694192819674095463E-07
   115     2.49055243230301095420E-07
   116     5.63629294079679494495E-07
   117     2.10339645410111805490E-07
   118     7.91616295083165715620E-07
   119     2.92833307365617206631E-07
   120     4.47187527680425641503E-07
   121     6.98891093015250379304E-07
   122     6.30698433838255127978E-07
   123     2.19718911100034834315E-07
   124     9.99697578622810449129E-07
   125     2.71946760039166227877E-06
   126     1.79540070733260370625E-06
   127     4.96872393488710709764E-06
   128     1.86956377368119097465E-04
   129     2.52045957141848258557E-04
   130     6.37291486772215099929E-04
   131     2.66699608924283787428E-04
   132     3.02254220710048229510E-04
   133     2.03404552766565721242E-04
   134     7.31709976097325671615E-05
   135     1.36088511290420224848E-05
   136     1.23275842211140256407E-05
   137     1.34056900873324565874E-05
   138     2.25137963533869027574E-05
   139     2.75842178529874668399E-06
   140     2.52161785618189746854E-06
   141     2.38325495915965845654E-07
   142     1.45753600541284044484E-07
   143     2.59101651953948719077E-07
   144     3.09063120088348108618E-07
   145     3.50313440717484448931E-07
   146     6.07779438137531766566E-07
   147     3.35855532584848969287E-07
   148     2.77528291016537384032E-06
   149     2.98894825779977773729E-07
   150     1.24888185136819859283E-06
   151     1.01812558065930744971E-06
   152     1.00775973363580670338E-06
   153     2.71517619623788021300E-06
   154     3.74030338850780854336E-06
   155     9.52961960669620831869E-07
   156     3.27200128786316032911E-06
   157     9.65275523813414352626E-07
   158     4.37962065354284205273E-06
   159     1.05088067009562182791E-05
   160     3.05060110163185732883E-05
   161     3.23551079100051716968E-06
   162     1.48784690009441809871E-05
   163     2.64925017497022956920E-05
   164     6.20116199602441112507E-05
   165     8.40397400183417196998E-06
   166     1.34069525397315531543E-05
   167     2.41448136784454541089E-05
   168     1.69164034382451172744E-05
   169     3.53236059492899516043E-05
   170     3.32306177224084067496E-05
   171     5.34288899741661900015E-06
   172     2.05000874375827752793E-05
   173     1.06228922447045058888E-05
   174     1.21375533915911363160E-05
   175     1.79928878495139944120E-05
   176     1.91783334733858663044E-05
   177     1.83527086294224478578E-05
   178     3.45531688789827714321E-05
   179     3.99572976679454433183E-06
   180     1.21225484460542102768E-05
   181     1.93323246080478191135E-05
   182     1.63646725843357137425E-05
   183     2.08994321143729795118E-06
   184     5.94269208240729722214E-06
   185     1.90398098916790106207E-06
   186     8.40331647927429238530E-07
   187     8.32020786734106780220E-07
   188     4.29876352059311083758E-07
   189     3.14815504385569614801E-07
   190     1.12587850955721825381E-06
   191     2.06554555618748019764E-06
   192     4.24685832527373930827E-06
   193     3.79474456827154749168E-06
   194     6.48354030902295960402E-05
   195     1.42297134123928214512E-04
   196     6.28193648002207971105E-04
   197     2.28617210703126384113E-04
   198     2.46646593202118986823E-04
   199     2.42508319562227750161E-05
   200     5.10481146234521684566E-06
   201     1.40605353056309962962E-06
   202     1.37524418209921418788E-05
   203     7.77089443536432394324E-06
   204     1.98404914886920314922E-06
   205     3.04133854459278378629E-07
   206     2.29205030028001740904E-06
   207     4.11689330616818388662E-06
   208     5.25225919718440393760E-06
   209     2.64284322536086559461E-06
   210     3.98410767859536146573E-06
   211     3.74068108861247473917E-06
   212     2.49167632390861900303E-06
   213     1.73990702222679848884E-06
   214     2.84471685455761830115E-06
   215     1.58054230742627377205E-06
   216     6.29817528936333450890E-06
   217     3.63323014099547913859E-06
   218     7.45097699616042834643E-06
   219     9.61998913928390331338E-06
   220     3.22087806176211946307E-06
   221     1.05786272506612703516E-05
   222     8.11480408297816295342E-06
   223     1.90551142703543949723E-06
   224     2.46067984742273883271E-05
   225     8.76898479558692885529E-06
   226     1.43427205994932185950E-05
   227     3.36294334026231156454E-05
   228     7.70368449711184775626E-06
   229     2.12984503494352695591E-05
   230     5.19169663553413037924E-05
   231     9.88354216017445654614E-06
   232     3.51769186624635612202E-05
   233     9.24793717339196812057E-05
   234     2.36350258391795304343E-05
   235     1.15257615625339373275E-05
   236     8.07169771578464771830E-05
   237     7.36462143789931198649E-05
   238     2.96348215220432312277E-05
   239     5.09615471876063884035E-06
   240     9.80440432641266546758E-06
   241     1.47554134428155703912E-05
   242     9.00285466704198721890E-06
   243     2.36627896376454198814E-05
   244     9.21316218742364383923E-06
   245     7.81110141363659141818E-06
   246     7.24966380101904013441E-06
   247     4.23866858131427889374E-06
   248     2.47361698017858573152E-05
   249     2.00584586363690901389E-05
   250     2.49544460989286899207E-05
   251     6.27858222406070385540E-05
   252     6.67873201455008444006E-05
   253     4.54074692394699873507E-05
   254     1.36566890777663650435E-05
   255     3.73968508293743000671E-05
   256     9.31815748102433972556E-06
   257     6.32784880711059658328E-06
   258     1.81012181036670796687E-05
   259     8.30399806841012468148E-06
   260     2.50984417334039506414E-05
   261     2.07034308839245874574E-05
   262     9.46551510223888161507E-05
   263     8.08822009625846563129E-05
   264     2.27530103495205012452E-04
   265     5.15609734836643604223E-05
   266     9.76435033622349777220E-09
   267     2.63547361428430707335E-10
   268     3.99606221217869082541E-08
   269     1.19826624336659818632E-11
   270     9.63766217776208653344E-08
   271     3.25296346152507423109E-12
   272     4.27631749772395425118E-12
   273     3.78874079067634140032E-16
   274     3.04851983462882302064E-19
   275     2.11661315198172289677E-22
   276     8.40788258073743850016E-27
   277     2.57269133467126989152E-29
   278     5.65793392056582154528E-33
   279     3.48933574035344537404E-39
   280     8.96902993837226260163E-42
   281     6.33397619165643220785E-48
   282     4.27965396591295710863E-33
   283     2.86384309448226430879E-29
   284     3.34195082098786632823E-34
   285     3.09350050537568466860E-38
   286     5.07875869831590067533E-43
   287     5.96345659625487728695E-47
   288     4.54824261738209445494E-52
   289     2.34830438245602352123E-56
   290     1.19349840697087316573E-59
   291     6.07963899750829745546E-56
   292     3.49685053854554268397E-46
   293     2.72809537484772532473E-42
   294     1.80703148110181727399E-34
   295     1.33810538787771599180E-27
   296     6.88644345576572544540E-36
   297     1.61857683022461439761E-44
   298     1.59159413027150082926E-52
   299     1.07668212501088075552E-60
   300     1.95501597869834550246E-68
   301     4.59166404888261581337E-76
   302     3.51559479224527830418E-83
   303     5.39776588948277510361E-90
   304     2.89336277794023342645E-96
   305    1.23876347525732522120E-101
   306    2.10700416351451708724E-102
   307     1.86829329415388451515E-95
   308     9.08958402006478856911E-84
   309     1.58161494866862189513E-77
   310     6.48786131510882477913E-68
   311     6.03084945851851330994E-63
   312     2.18625716490769032537E-56
   313     3.44368299421529869846E-54
   314     2.40693843847726447254E-48
   315     1.28504860624922658492E-47
   316     2.23181603482645317854E-42
   317     2.60199635187040409871E-42
   318     2.11176516828969302534E-37
   319     1.33253259348006903427E-38
   320     4.35113303510946298803E-34
   321     4.29740755555171202510E-37
   322     1.53025358337664686014E-33
   323     1.10345405164305821795E-36
   324     7.14744476166616007401E-35
   325     3.18211930199382984856E-39
   326     5.16190978416295231896E-35
   327     1.48034408661426348188E-40
   328     4.72318953662340001285E-41
   329     1.22879578726652585208E-32
   330     5.01368551232637034334E-39
   331     9.77788640059216583915E-38
   332     5.35030779564725040204E-32
   333     1.48010687788731897859E-45
   334     2.04053338169195202721E-55
   335     3.34374230493923909530E-59
   336     1.74238313805180675383E-66
   337     1.10402312228040016988E-70
