     0     0.00000000000000000000E+00
     1     8.87438711968930649121E-01
     2     2.55529031397160215993E-13
     3     2.22221303238261266541E-09
     4     1.79860132915621879148E-06
     5     0.00000000000000000000E+00
     6     8.14072268316846186344E-12
     7     2.19474215959701656787E-15
     8     2.38757914458141540800E-16
     9     1.60705463354025047029E-15
    10     1.71132685014086671613E-13
    11     1.68164900324481702960E-15
    12     8.64100928945893893912E-16
    13     5.59722138654992338812E-14
    14     3.26223712847162432032E-13
    15     1.18551846461137763857E-14
    16     8.55798144532565757214E-14
    17     5.02721835251880062551E-13
    18     7.92234993697037623414E-13
    19     1.08374708061270741419E-10
    20     1.42040740201501952159E-11
    21     7.67969099344612996743E-15
    22     5.85816618891200638160E-14
    23     4.64925788887904052948E-14
    24     1.11630183621556682893E-13
    25     6.27880910844703986656E-15
    26     5.06466534520610425261E-13
    27     8.44311480094747571785E-14
    28     1.94927989424542786189E-13
    29     1.09486440120660563170E-14
    30     2.45917495684142426267E-14
    31     1.10335728855302732977E-14
    32     2.48325670139785796597E-13
    33     9.25101124256090948158E-14
    34     1.71186684694212456814E-12
    35     9.82879280123637420401E-15
    36     1.99229977268547943359E-15
    37     2.88367792381108857073E-14
    38     2.94634581868295708392E-15
    39     8.12137285112521240069E-13
    40     3.21112890458660688677E-15
    41     7.92117873431198069746E-14
    42     2.33536645317235588191E-16
    43     4.50635060123782330190E-11
    44     4.90417583136891935773E-13
    45     3.12950247487800992227E-11
    46     2.79500888602137795445E-09
    47     2.36304469720182275703E-11
    48     9.43487346512197111796E-07
    49     8.61380153777215775895E-12
    50     2.23800881817289652124E-12
    51     2.72384565476252207150E-16
    52     5.22333177832048983530E-11
    53     6.09954156142948073145E-10
    54     1.57199375180957128003E-12
    55     3.24617268354722740736E-16
    56     6.22399640993208587953E-14
    57     1.44719683382759141352E-09
    58     9.24976745949817811786E-10
    59     1.37066946752087322569E-19
    60     1.87984207396225948250E-19
    61     4.11000486586514461832E-09
    62     6.92568997077052105290E-12
    63     2.54141189933675058668E-14
    64     2.50846770287672594244E-09
    65     1.09322400524120401914E-13
    66     2.12313567809989453983E-09
    67     3.44752167381860821920E-08
    68     7.88402895944387766566E-14
    69     2.79128219974389799062E-13
    70     2.44525251571685343093E-14
    71     1.65049525409163284461E-05
    72     4.13432345635819574968E-06
    73     6.47395058263379669477E-10
    74     1.81990155825011385145E-10
    75     1.20819728745137917311E-05
    76     2.79543955532219605707E-06
    77     1.01148627663098856141E-12
    78     7.28113311908821690910E-09
    79     5.01635539455994015776E-06
    80     6.29369468332801178946E-17
    81     3.32966100558668810306E-05
    82     2.38124299901076900490E-13
    83     5.69761396567442097267E-11
    84     1.87030654687975113662E-14
    85     1.51065351677701351530E-17
    86     2.06734124894757871767E-18
    87     2.71189352359160514158E-05
    88     2.92737406135368012734E-09
    89     1.78453184713792841375E-09
    90     9.92668619601022472313E-08
    91     1.56499867654086121894E-13
    92     9.05411710694129072519E-10
    93     3.16515492040116639403E-06
    94     7.92222437863996046824E-12
    95     9.99375779508650393470E-20
    96     5.27293751084603096490E-31
    97     1.49883115293407096093E-05
    98     1.18859499490127451668E-07
    99     2.95876391099338195145E-10
   100     5.27597583633927479378E-06
   101     5.88939232044149406868E-08
   102     3.07786115060496826175E-04
   103     4.23989662423015537979E-09
   104     3.39200811410681071924E-10
   105     6.41452955321230722642E-06
   106     6.36680202574820805527E-05
   107     2.43903811635627065445E-11
   108     1.21138249492678112129E-05
   109     1.07265984234324885931E-07
   110     1.77807472888528472798E-05
   111     1.53716929690552312016E-08
   112     6.02378796084082438893E-06
   113     4.06630255227907939474E-13
   114     9.28346430553533132166E-06
   115     1.30508809274245725232E-05
   116     1.80105166694070857126E-05
   117     3.02249293516367649958E-05
   118     5.05257003449990568789E-05
   119     2.15860674548983176848E-11
   120     9.48617852326349377367E-07
   121     1.29852561565404036928E-17
   122     1.99482543531945375349E-04
   123     1.20817841807697732627E-04
   124     4.61793937839009460456E-14
   125     6.66883699187589525990E-08
   126     2.53998214520844498162E-05
   127     2.77513238626274851162E-12
   128     1.67677768911717155209E-05
   129     4.48858366901795446219E-10
   130     2.41996109556704801683E-17
   131     2.25764768265125711575E-06
   132     1.45737777060931426398E-06
   133     3.25876344335010344770E-10
   134     2.68887254461428039615E-07
   135     5.68172855010584244865E-16
   136     1.26146658545360282920E-11
   137     6.37846897037757688989E-08
   138     3.29519741749280860614E-07
   139     1.43312197298908266192E-16
   140     7.23524493292616578991E-13
   141     5.33433962189251104132E-10
   142     3.74245682972888660331E-11
   143     6.42261393342385170325E-15
   144     2.44684295611608536441E-10
   145     8.38522420372836980509E-18
   146     2.25270733999456067157E-13
   147     1.44156791642560322077E-10
   148     3.38496934664841333024E-11
   149     2.04494582290752852764E-10
   150     7.86600826360325736106E-21
   151     2.62504699801621911412E-16
   152     1.45579603038890235470E-13
   153     3.62447532603735473418E-11
   154     1.90386462866387855228E-09
   155     4.07563153064687530750E-10
   156     5.20938969374334860728E-15
   157     4.72660919485456643238E-11
   158     1.78407961949845048008E-10
   159     1.26093127235464822611E-10
   160     1.28697229533595758428E-16
   161     8.43660388794300649090E-15
   162     7.76787247098272076254E-20
   163     5.62042193701549501507E-14
   164     5.60095192783601586233E-23
   165     1.87149907130433228766E-13
   166     2.22588007302177978942E-13
   167     2.84602631041537687398E-16
   168     9.52650334182522701124E-12
   169     5.49078665323793334728E-21
   170     1.82588102952957463184E-17
   171     4.52739600012544103916E-12
   172     1.20058238436674014194E-13
   173     6.50418961038838672626E-23
   174     3.24345954381944267177E-16
   175     2.75395926632795308494E-14
   176     5.53261222095134577312E-12
   177     6.17826295567087822215E-21
   178     5.94052053875164667051E-14
   179     3.34772716136660129659E-12
   180     2.62436635778457323876E-15
   181     1.78497971307429347544E-18
   182     2.91857836304552757438E-16
   183     4.74238956500744030367E-19
   184     3.23512397852534654030E-19
   185     6.61439556509673942828E-23
   186     1.85454126384045549767E-18
   187     9.41717189287173778146E-22
   188     4.13655443067093088740E-20
   189     1.97432140640929571296E-21
   190     7.53457837884402781842E-18
   191     1.38762366291002010484E-18
   192     4.51009460518281191038E-18
   193     4.69623088712568939979E-20
   194     1.78171019315630663382E-20
   195     1.19964686071341087301E-17
   196     2.30495578183627334609E-17
   197     1.83171518190115394845E-18
   198     4.50859686061751167795E-22
   199     1.24574707734678457879E-19
   200     3.35531649998733355036E-19
   201     2.77116471022741245388E-17
   202     1.68305174889294225430E-28
   203     1.24962236475264739724E-20
   204     1.90123135320718123395E-17
   205     8.46939712291806572175E-27
   206     6.88097257168447547140E-18
   207     1.64694035828200788011E-18
   208     2.70737951051494619493E-21
   209     7.06144707644787882159E-18
   210     1.94505709068358338486E-23
   211     4.78133851696708472071E-20
   212     5.58222694900777015728E-26
   213     8.46303516579328782902E-20
   214     4.84025430306389444396E-20
   215     2.61582787807471962353E-24
   216     3.07276890013111538648E-30
   217     2.15595550193760015208E-19
   218     1.00073324464456996133E-28
   219     1.65899592466053934235E-20
   220     1.67846297925842308532E-25
   221     9.83479013201900825896E-24
   222     2.02415985587030193780E-23
   223     3.24450964872130124579E-29
   224     1.25751788248679984059E-22
   225     2.56805649391533585539E-31
   226     4.26429900203128996206E-25
   227     4.22694821784874095743E-23
   228     1.94288917596327876943E-27
   229     1.02166920877629109418E-26
   230     1.38938795159523917360E-25
   231     5.09782373326592742839E-26
   232     1.42165109103258550472E-24
   233     3.60087488810974490539E-36
   234     1.29153019284384626651E-26
   235     8.99836908244543423839E-25
   236     1.64305101661627753772E-26
   237     5.37011830193111226436E-29
   238     1.19989528789761579665E-26
   239     8.38358586035024398252E-33
   240     2.81724173256252478416E-35
   241     6.33014073064894232546E-41
   242     1.61084980551802291014E-29
   243     9.05344329520452105518E-36
   244     2.20372594354894481710E-42
   245     2.21935079341555033001E-44
   246     3.19974362288559808588E-49
   247     2.59873793831303739878E-42
   248     4.17282966031819062744E-42
   249     1.34204667368003269978E-35
   250     1.75633810642210236319E-45
   251     1.95319450702465916642E-50
   252     7.67530710444376535920E-40
   253     3.76514272143214478397E-47
   254     3.27970468475260084088E-50
   255     3.49556732404503187490E-56
   256     2.37950303330718398791E-65
   257     5.74332249010601880207E-53
   258     6.00742398659733243979E-45
   259     7.89624412377864484025E-53
   260     5.09363090993057811845E-64
   261     1.82013050514635791176E-61
   262     1.64281248606875471357E-72
   263     3.47291045807628055698E-59
   264     1.61631401200753398319E-52
   265     4.04618975972439533637E-61
   266     6.44738946292754475000E-61
   267     2.27399560335215098663E-54
   268     3.48280799373185691068E-61
   269     3.45117416202269637026E-61
   270     1.49971053652180813272E-78
   271     2.18521988162265756267E-87
   272     3.25886919808348833316E-67
   273     3.22660479149407219117E-70
   274     2.25362124038609639259E-67
   275     1.38811533564420359510E-76
   276     2.21870356630279172830E-82
   277     5.76322266997068468663E-91
   278    1.23093636655749972493E-115
   279    1.99529095048106224369E-113
   280    7.86361219599543882555E-153
   281    2.84415995356869392712E-166
   282     6.74700668366753486358E-80
   283    5.63219858760651329340E-148
   284     8.84979991598276874029E-93
   285     1.42158737601836232924E-60
   286     4.66576611273278036628E-66
   287     2.44833912554541913152E-60
   288    8.41223109959661074569E-102
   289     1.61942912639091294887E-62
   290     1.33570622785364022757E-78
   291     5.28969986846336518749E-52
   292     3.29286325786290456269E-95
   293     1.30157335427339980076E-68
   294     2.01152388731868208853E-77
   295    5.38672003189306464940E-101
   296    6.86463643341393014500E-122
   297     1.53157281068758499869E-95
   298    6.75250337976158989689E-114
   299     3.88299499546702681364E-96
   300    8.03922648251872276363E-131
   301    2.42135331456118190525E-104
   302    4.89874956699124560728E-185
   303    1.05631105431409784452E-203
   304    1.49836465218062335846E-231
   305    5.19288980602773782639E-243
   306    3.19633671530865193290E-217
   307    9.38178927898949519473E-242
   308    1.53145200647632630651E-230
   309    1.12790977259090633441E-244
   310    2.90778205630322789725E-271
   311    1.58704010663941980121E-257
   312    2.45550625983099532456E-320
   313     0.00000000000000000000E+00
   314     0.00000000000000000000E+00
   315     0.00000000000000000000E+00
   316     0.00000000000000000000E+00
   317     0.00000000000000000000E+00
   318     0.00000000000000000000E+00
   319    4.39718424798709424317E-322
   320    3.36866707160523428261E-290
   321    8.03383761195647253523E-263
   322    1.68484470798738845097E-262
   323    7.38780436402783950076E-214
   324    9.63137118297699520911E-212
   325    3.94690075531582202801E-191
   326    6.77461353218002313391E-179
   327    2.39161717183124019174E-191
   328    3.64629258805949421121E-168
   329    5.05278916891398711299E-192
   330    5.73465899004227112401E-205
   331    3.02508854980063236843E-248
   332    4.54451561380366895930E-221
   333    4.28040122485979020428E-260
   334    5.46066822918471884839E-261
   335    1.19046338026070469298E-245
   336    4.08739116001648124641E-263
   337    1.23832475056908929936E-232
