     0     0.00000000000000000000E+00
     1     1.41788768476547535171E-09
     2     4.87960738755557763819E-14
     3     6.92971497119305672328E-10
     4     1.04194435231263151276E-04
     5     0.00000000000000000000E+00
     6     3.91222082642450935791E-13
     7     5.62387092223803237874E-10
     8     1.54889120234918149205E-13
     9     2.27359075536894452778E-07
    10     1.23843289923714200136E-07
    11     1.60174553230422380068E-09
    12     4.32426618114657823010E-08
    13     6.70203491330757806603E-09
    14     2.31704516384164919816E-09
    15     3.04761561673451314440E-07
    16     5.66992619208196299091E-07
    17     1.89742799794790543352E-09
    18     1.13426533244623459797E-09
    19     6.12723679432021585923E-08
    20     1.06088917529907247496E-07
    21     1.14373162211768592975E-08
    22     1.02038480670056122432E-10
    23     4.07432965199527277903E-08
    24     3.17708749393961593902E-08
    25     4.80195187310021896658E-09
    26     1.59648896647423951999E-09
    27     5.47161189564731696434E-10
    28     5.14393613056490650675E-10
    29     2.49572616368099930350E-10
    30     9.73902651637689332020E-10
    31     1.63549160252799609212E-09
    32     7.09693191864104326148E-09
    33     5.09635120111841028291E-09
    34     1.10744005984846339855E-08
    35     1.40666359306735450466E-09
    36     1.59590289825591401215E-09
    37     2.10857178908747931949E-10
    38     1.84015060666447889082E-09
    39     1.57857266203234880568E-11
    40     2.19031419680491314362E-10
    41     7.67289602285651324969E-10
    42     4.93715307483794394850E-09
    43     4.76977583250353479012E-09
    44     4.03765705352856739462E-09
    45     5.19152770618088983877E-09
    46     3.83005802064392058426E-09
    47     5.70726073465478450901E-09
    48     3.43209785022411373514E-09
    49     4.44266721425433806258E-09
    50     1.71465882962212519232E-09
    51     4.60774192652436549743E-09
    52     5.35926222436385679675E-10
    53     3.17097310066807688481E-11
    54     6.82750891354630628388E-11
    55     3.37771176853240596006E-10
    56     2.95806102011193236227E-11
    57     4.52974290622925545766E-10
    58     7.38821285571368209395E-11
    59     8.39008427787217122424E-10
    60     8.69793562934960155937E-10
    61     5.16575584422203348503E-10
    62     3.61359809136431880390E-10
    63     2.78589686064671021119E-09
    64     4.62684402155840459185E-10
    65     3.36673618242712973172E-09
    66     4.60096218706067308181E-09
    67     3.49357312527484577880E-09
    68     5.09762907465619085073E-11
    69     3.26941225256099551087E-09
    70     3.00772666183395529258E-09
    71     2.68246632904936736569E-09
    72     2.02450570004192166434E-10
    73     4.41076204047706087352E-09
    74     1.20646955954860565378E-09
    75     9.81373856754664941393E-09
    76     9.79967417839396963640E-10
    77     1.18359378902036215530E-08
    78     4.07908864329829414754E-09
    79     7.87432546662068587774E-08
    80     1.00861475037386245151E-06
    81     3.99002736955368075466E-07
    82     2.76612080456457175951E-06
    83     2.55982215933333378068E-06
    84     2.48970850079308222542E-07
    85     5.09217877578582243977E-07
    86     2.06360450469035839689E-08
    87     1.06258250846083103612E-08
    88     2.15411820743865062902E-09
    89     5.51767886359359456593E-09
    90     4.91734493775694548150E-09
    91     2.04077187532782031393E-09
    92     3.28335427074772498866E-09
    93     4.92009630370918670021E-09
    94     5.46233051533480178190E-09
    95     2.20396004020391706053E-09
    96     2.06479724554267781176E-09
    97     1.13320047757416745658E-08
    98     6.08483348717365810148E-08
    99     3.79573379587585887239E-07
   100     1.86345173572119198289E-06
   101     1.04825940094476094692E-06
   102     2.27702610195712488309E-06
   103     8.46450895538208681972E-06
   104     1.65354915293656679260E-06
   105     5.69790292413543223051E-06
   106     1.05330741485734826290E-06
   107     2.07078272693058041930E-06
   108     8.17632639626775622279E-07
   109     2.59372402195242845167E-06
   110     1.14211281430615597393E-06
   111     2.88097250958544730037E-06
   112     2.14497827613949211252E-06
   113     1.71234243266173779336E-06
   114     2.13095596293496357792E-06
   115     2.69255293966069790163E-06
   116     3.99345305154488461355E-08
   117     1.50186569008660511897E-06
   118     4.44332459633120317236E-07
   119     1.19568483468844221024E-06
   120     8.07727437590969501534E-07
   121     8.79468829814788692962E-08
   122     2.41797306320648957180E-07
   123     5.17964059731383853785E-07
   124     4.62065114860705400976E-07
   125     3.77832847893917908392E-07
   126     5.76254859334176559089E-07
   127     1.69031859513871789422E-06
   128     9.05370463405955393590E-06
   129     7.39790982060029857995E-05
   130     2.88025023472872958807E-05
   131     1.28031713167518225970E-04
   132     3.12154586631270720976E-04
   133     1.48684084701844769147E-04
   134     8.31239362890010523039E-05
   135     2.50833981704789835999E-04
   136     2.09361598555698173339E-04
   137     6.41614514846993556170E-05
   138     4.92792996619202306363E-05
   139     9.18718123100046766237E-06
   140     2.40574656331548128582E-05
   141     3.06649360048985213797E-06
   142     3.89633147527226286576E-06
   143     2.19539936173153777118E-06
   144     4.07199543749315338665E-07
   145     2.70511255476456513911E-06
   146     1.07568071057185777700E-05
   147     9.22996786380417533733E-06
   148     5.43342574778358663280E-06
   149     1.25398653739463836253E-05
   150     1.29221838493046877985E-05
   151     8.30027304961782491112E-06
   152     1.33904702310857291178E-05
   153     1.10463716539074689635E-05
   154     2.34580659299238074766E-05
   155     1.45531436934566181437E-05
   156     2.40447752573355945404E-05
   157     1.73192166070191741999E-05
   158     2.44147181418853110571E-05
   159     1.65988997291354699857E-05
   160     2.50303180829145906347E-05
   161     1.54353119831647227103E-05
   162     2.85008667564607853404E-05
   163     1.31286949216429808845E-05
   164     2.36642016124197444979E-05
   165     1.61076764347922026194E-05
   166     2.08821493363726552847E-05
   167     7.16320231556690254171E-06
   168     1.75399687098279083040E-05
   169     8.93106287690254530226E-06
   170     1.06462064528100573441E-05
   171     5.99255609382073330479E-06
   172     1.04862677454446296923E-05
   173     5.16109172725739189717E-06
   174     7.67918230023181921007E-06
   175     4.56446305038391820331E-06
   176     8.66822737943630473791E-06
   177     4.69364493520678307815E-06
   178     9.07009745486004513798E-06
   179     3.91560545970942296156E-06
   180     7.55345186212448149873E-06
   181     3.95421735486843263670E-06
   182     9.24599293726859094208E-06
   183     3.41893184252511012278E-06
   184     1.13404303521044195449E-05
   185     5.09032427052345063252E-06
   186     1.56183893688006212729E-05
   187     1.22823032684427836301E-05
   188     3.08826490326437574615E-05
   189     4.36058323364076554996E-05
   190     9.73479140937643061234E-05
   191     8.17819295661490933786E-05
   192     2.33268542426733836151E-04
   193     1.99493050635980999526E-04
   194     3.53141509232325373924E-04
   195     2.94854155858816568362E-04
   196     1.35698851724025903141E-04
   197     7.75257086792765446595E-05
   198     1.52363002351496209917E-05
   199     1.90776271150157618984E-06
   200     1.26816574537066598834E-06
   201     5.58696249953711762839E-07
   202     2.62053050798267379926E-06
   203     3.06132253084550406426E-06
   204     1.59347678310880653554E-05
   205     1.08145870907192234511E-05
   206     2.84366032229365709176E-05
   207     2.13333089964441412743E-05
   208     3.11512739141613524056E-05
   209     2.19731019299532215078E-05
   210     2.49231733128598335707E-05
   211     1.70927377509165961478E-05
   212     2.40819696533187917783E-05
   213     1.55128793393742478142E-05
   214     1.88131111653545816270E-05
   215     1.29661174783156946002E-05
   216     1.26532500394221038065E-05
   217     1.02622320833053132336E-05
   218     9.56644919097580179060E-06
   219     1.02881910648267564683E-05
   220     1.82267314257527567837E-05
   221     1.72010828907061230056E-05
   222     1.61242858372844176894E-05
   223     6.90323788992773903269E-06
   224     2.12085576683635184531E-05
   225     2.50515618180963899975E-05
   226     3.29855293259155002406E-05
   227     2.03787800936007328350E-05
   228     3.04844655773966308654E-05
   229     1.67670013652236390565E-05
   230     2.63369686068641898572E-05
   231     1.89730271504696364540E-05
   232     2.30483997146308403569E-05
   233     2.43917374884462315730E-05
   234     3.56239033596572141158E-05
   235     1.55794142563311504039E-05
   236     5.90811917958933684332E-05
   237     4.43429938653218654672E-05
   238     4.04624384509778896204E-05
   239     5.91578507589125604494E-05
   240     3.61461477738076990686E-05
   241     7.13536868744962246092E-05
   242     1.71173526557824031650E-05
   243     4.58657158653813187311E-05
   244     1.16695540347832555592E-05
   245     3.79659844678046262917E-05
   246     1.38003712420439200471E-05
   247     1.46045378034286381759E-05
   248     1.86684469237992805332E-05
   249     1.68439271839328253441E-05
   250     6.03697971033073190649E-06
   251     9.76853329142043867706E-06
   252     8.28791885194093393087E-06
   253     2.10975057490634389744E-05
   254     1.05423743743458143968E-05
   255     1.55454254729009884461E-05
   256     2.21256530015565809632E-06
   257     4.18940140062539566443E-05
   258     1.01661613418519292394E-05
   259     3.90836952302411931928E-05
   260     2.02220600219393371281E-05
   261     1.88070454708747441348E-05
   262     1.78588736374136267256E-05
   263     1.88955751816129313030E-05
   264     1.83367004411456451267E-05
   265     2.64913891528685643037E-05
   266     2.16294706024329846613E-05
   267     9.86887301857328188084E-06
   268     2.73003383000336024037E-05
   269     1.44381960755545333571E-05
   270     3.71583181736296133679E-05
   271     3.86803129634903712598E-05
   272     4.64582255645491773379E-05
   273     4.96504272775577097957E-05
   274     2.78573777742702716296E-05
   275     1.25718590574695746249E-05
   276     1.76033854190547484335E-05
   277     4.28663599875898312816E-06
   278     6.83990027192077666165E-06
   279     6.59847773829462404210E-07
   280     4.17916436910397035110E-08
   281     8.44595443487555312975E-12
   282     4.91306611226840902129E-11
   283     4.69614900549068524461E-11
   284     2.46601739421321017482E-12
   285     3.10328332833947876749E-11
   286     3.85456020342355222467E-14
   287     2.30072039655433442061E-15
   288     9.81797339588425099475E-19
   289     1.34704873656386582882E-21
   290     4.14784395287218839708E-23
   291     2.35731957461855732206E-25
   292     2.51599863216993899226E-25
   293     3.02512230370062289340E-25
   294     3.20086231683966588845E-24
   295     1.08441029987505334664E-24
   296     1.01786340370253300454E-23
   297     3.21064218500401963060E-23
   298     5.91988010995945616426E-23
   299     1.14502958794598474920E-22
   300     1.26260509240829389977E-22
   301     8.47819741381436468789E-23
   302     4.73413722064345274417E-23
   303     6.30346645901609924959E-25
   304     4.81152965552845894718E-27
   305     1.42924463551261412522E-28
   306     1.41203348632909795446E-29
   307     4.12715814486353583604E-31
   308     1.12463137004940049735E-32
   309     1.39911859532615088949E-34
   310     4.17818969205750333730E-35
   311     2.68708592398479497994E-35
   312     3.33395660222393585033E-36
   313     8.83183534919320439411E-37
   314     2.50394726805592061082E-36
   315     7.76630339598144503232E-36
   316     8.92986556420795902435E-36
   317     1.06046274006324885897E-35
   318     3.16091753791657329752E-35
   319     8.13074933051548029628E-35
   320     1.19559236869858668261E-33
   321     6.15425624788405293329E-34
   322     9.05635703767037417827E-34
   323     6.25314336071523528782E-34
   324     5.09914260862100608476E-35
   325     2.97829756997578897875E-34
   326     3.19395017827134244627E-34
   327     3.68669168930276390549E-35
   328     4.83164331057457423844E-36
   329     5.63858095192319918591E-32
   330     8.01716648098705207358E-36
   331     5.97971947675850552163E-36
   332     9.07761483429962559924E-38
   333     7.20983083126979137085E-40
   334     1.21413138056090498434E-41
   335     4.11810657145466440419E-42
   336     4.36196315419189756938E-43
   337     6.03965809449920721967E-41
