     0     0.00000000000000000000E+00
     1     1.46147009123985407633E-12
     2     5.36604946414792550378E-20
     3     1.03641882167920708800E-13
     4     1.77949096492643564883E-12
     5     0.00000000000000000000E+00
     6     2.09225236226019703504E-11
     7     1.15947351247054373989E-14
     8     2.14194874840920296057E-17
     9     5.07703408490902015423E-09
    10     7.10857944987081620878E-10
    11     2.60769540427021115897E-11
    12     4.24257410242303827477E-10
    13     7.08342660934826709082E-10
    14     7.77080468684224795146E-08
    15     4.15069637142638493915E-06
    16     1.92234797432265446210E-05
    17     2.05308657833064370243E-07
    18     1.39150066714144933764E-06
    19     1.33570450557651162191E-05
    20     1.89050265382908446105E-06
    21     2.36212449691224064916E-06
    22     5.82516769938033491897E-08
    23     2.94793002042909188331E-06
    24     5.17975907246523763433E-07
    25     1.35256528137840702149E-06
    26     5.75046344675016838030E-07
    27     2.08697885543532347079E-07
    28     5.49659225740450071166E-08
    29     6.15080674774466134953E-08
    30     1.43435936588701259818E-07
    31     1.65466872379653157849E-08
    32     3.60924970541516628180E-08
    33     3.97476897198799310870E-08
    34     1.43532523216206836354E-07
    35     7.38495281468310302195E-09
    36     1.15066587530653281771E-07
    37     2.52610329399273192063E-08
    38     9.58551666143492118208E-09
    39     4.57543280590211187771E-10
    40     1.17821482846406024384E-09
    41     2.58521398571613727899E-09
    42     5.51077985944848442599E-09
    43     1.87442225247974044461E-08
    44     9.20748445117441257217E-08
    45     1.25413863783196990688E-08
    46     5.12272695973980199731E-08
    47     3.28112125697882962471E-07
    48     2.14997244648891150001E-07
    49     2.90505765910710689231E-08
    50     4.10626543336352625749E-07
    51     7.44926997585843190812E-07
    52     1.73353549534203347937E-08
    53     1.06099165368777153689E-08
    54     7.14317518790758436889E-08
    55     2.31721626979950436188E-09
    56     1.63851720829713582329E-09
    57     2.06880288526908845016E-08
    58     8.28096645194985402481E-11
    59     6.56235844523916156404E-09
    60     2.08453725612280316980E-08
    61     1.84159523046356398759E-09
    62     1.72390215786414533466E-09
    63     3.49327871804200765813E-08
    64     1.58627492244431546346E-08
    65     1.23040975337388626716E-08
    66     4.05354013425394992962E-08
    67     3.13859464283646419908E-08
    68     3.08336729003026355847E-08
    69     3.57310372505551641819E-08
    70     2.00195495235574489772E-08
    71     7.87712601011716546137E-08
    72     1.79056306476840569590E-07
    73     4.11745499993633673192E-08
    74     1.35493155211486406209E-07
    75     9.95389047655347305580E-08
    76     4.61631005921887185546E-08
    77     1.49647415141690191608E-06
    78     1.67828976584472808774E-06
    79     2.12630519092132139774E-06
    80     1.55425133323184017279E-06
    81     1.04687054406707581574E-07
    82     2.77590905317504199121E-07
    83     5.12876991150805813176E-07
    84     3.79751923473209524267E-08
    85     3.96351432303206169071E-07
    86     5.20641181681004462181E-07
    87     1.33393735682968834274E-07
    88     1.82353711867491919759E-07
    89     1.65559783592057595757E-07
    90     1.36146551816587771311E-07
    91     6.47006904242423199017E-08
    92     1.17643565443108873219E-08
    93     2.73494414816480938716E-09
    94     7.22450325514181075376E-09
    95     7.47370528408490603115E-09
    96     7.71501945686539283713E-10
    97     5.57498210425009687899E-08
    98     2.85324988211640087383E-08
    99     1.36571308611589582818E-09
   100     9.45458547822276135070E-10
   101     8.65745313284369578503E-09
   102     3.55432300997493575885E-09
   103     1.89791239078325323912E-08
   104     6.80004427280185336222E-08
   105     1.00499409077600460397E-08
   106     3.12612712188758521920E-07
   107     4.59336888673542795104E-08
   108     7.96473750896178151533E-08
   109     3.47215202535805216863E-07
   110     1.16013937239573041413E-06
   111     5.80016984995560988343E-08
   112     6.47532487061249320445E-07
   113     3.85925971327929028824E-07
   114     9.29663190755132445650E-08
   115     2.38328353394184303416E-07
   116     2.58243054087775300291E-07
   117     2.49385439180387640751E-07
   118     3.76888982465205789233E-07
   119     1.10123000507331137645E-07
   120     3.92016268436094595859E-07
   121     3.12389817653131413673E-07
   122     2.55709935771246507899E-07
   123     2.49247658725064398033E-07
   124     3.67068143314141231038E-07
   125     4.64004467024365991618E-07
   126     7.33197498424459913571E-07
   127     2.22278667052291860031E-06
   128     1.97467694576163727005E-04
   129     2.00692428279146097480E-04
   130     1.61551953527859222352E-04
   131     9.51604569026168054446E-05
   132     4.35027015416941155185E-04
   133     1.29585391423319497587E-04
   134     3.28416556795135315227E-05
   135     5.44618085274941244776E-06
   136     6.78915883803236339155E-05
   137     3.53139037430721982312E-05
   138     2.09546639715334479567E-05
   139     8.45286722742020268169E-06
   140     2.05000371448478463973E-05
   141     1.62514545664301156034E-06
   142     1.04456228931875588488E-06
   143     5.39211798722530412893E-07
   144     2.18493836461157941087E-07
   145     8.14444053741005403579E-07
   146     1.45139189248801465373E-06
   147     8.24076820880844130344E-07
   148     2.79364898266455604863E-06
   149     4.41869907078924418012E-07
   150     2.44558857228002737706E-06
   151     8.42789863300300679465E-07
   152     1.36657256147256546464E-06
   153     4.14755836864126542312E-06
   154     4.58782979215197804718E-06
   155     1.96342180359965879201E-06
   156     2.28032250377915977443E-06
   157     5.33083759040312293249E-07
   158     6.80012747955098875041E-06
   159     1.36332938185767004781E-05
   160     1.17186069436863755803E-05
   161     1.22088822143170916267E-06
   162     2.47333277130889266581E-05
   163     2.74703841938688874227E-05
   164     2.77933357017206803549E-05
   165     8.19022462148548731776E-06
   166     2.83772076836824662944E-05
   167     1.86980842409978541209E-05
   168     2.78052012997016820208E-05
   169     7.25768961787873526613E-05
   170     5.41829983261591985105E-05
   171     5.10240237061774406352E-06
   172     1.32508379645592394298E-05
   173     8.96641740652958624366E-06
   174     8.44127896318268213394E-06
   175     1.35452443997132374699E-05
   176     8.57916741568918329440E-06
   177     1.34378152537287156448E-05
   178     1.66401836090854652922E-05
   179     1.31197134522574595029E-06
   180     1.02246470775110148699E-05
   181     7.39623509537133876979E-06
   182     4.40594948027259166937E-06
   183     3.21824117535350996618E-06
   184     6.41004396558226459684E-06
   185     7.68029878600515717471E-07
   186     1.51083160736372800724E-06
   187     4.73020608412217495896E-07
   188     1.56015165875924802427E-06
   189     7.02252231499893194454E-07
   190     1.88467566871683124599E-06
   191     3.84174271990820614828E-06
   192     7.19508296513214209647E-06
   193     1.06223887525080791608E-05
   194     1.95027397247862630718E-04
   195     2.54869566022829262871E-04
   196     7.92751334370734184881E-04
   197     2.06983748050439456383E-04
   198     1.81859354717889347116E-04
   199     2.51892269358436746076E-05
   200     6.30591682941941430020E-06
   201     2.63451462720833680609E-06
   202     2.54091069370543486269E-05
   203     1.23731140503419583156E-05
   204     3.72325130277046005960E-06
   205     3.42268612455836912189E-06
   206     5.91675464297651150492E-06
   207     1.97004941310436947091E-06
   208     8.92324730961085723854E-06
   209     1.91867530192855650695E-06
   210     8.08724150884048925236E-06
   211     3.91296261947020713811E-06
   212     3.73709259767482512580E-06
   213     6.99662540075549143037E-06
   214     4.22475442822307549413E-06
   215     3.01294844729911281877E-06
   216     5.98942294172954851282E-06
   217     2.05914595473229550509E-06
   218     1.56498681939986730217E-05
   219     5.76980673747759909389E-06
   220     1.54031003229407927871E-05
   221     2.50911963168723966937E-05
   222     1.74258474259656832774E-05
   223     1.56592524207987172653E-05
   224     4.07950945428425267416E-05
   225     1.39828598386716570947E-05
   226     5.06084170335705665704E-05
   227     7.46713601617010174763E-05
   228     2.34525865091725395644E-05
   229     3.04378957208775830184E-05
   230     7.13261334589170009754E-05
   231     8.36126268447173429815E-06
   232     3.10438302246501167739E-05
   233     6.96493703551901295308E-05
   234     1.87674741449525670119E-05
   235     1.12802736428864980279E-05
   236     4.85293297918717314457E-05
   237     3.61137793259351226821E-05
   238     1.17150959794200501979E-05
   239     7.49117034971975128473E-06
   240     9.31347030802301572064E-06
   241     1.65264946625105541772E-06
   242     7.67390861182406768264E-06
   243     1.06673653818406346958E-05
   244     9.43608890130561248782E-06
   245     2.13458896913110610202E-05
   246     1.27584409957119382362E-05
   247     1.99554844270608340475E-05
   248     2.30174577472226371013E-05
   249     5.49166815966405825208E-06
   250     3.32475472188080632100E-05
   251     6.89930427104002748232E-05
   252     5.06143212735629360161E-05
   253     3.72127859373880620435E-05
   254     1.75315085708794964894E-05
   255     3.05179608480252688310E-05
   256     1.07625940895497829690E-05
   257     8.62085302578503360387E-06
   258     2.76378911227464552948E-05
   259     9.20360931331419805125E-06
   260     3.11564847344833852679E-05
   261     3.20885495311530466868E-05
   262     9.64491263429630260769E-05
   263     8.49256141701792364443E-05
   264     1.92324410104736232387E-04
   265     4.57691644168615766552E-05
   266     2.39357725547237103625E-08
   267     7.04382068906009612911E-10
   268     1.12276349906778377539E-07
   269     4.46121781215768790105E-11
   270     2.37069262208291366321E-06
   271     1.80606279942818253236E-10
   272     2.63947946816200352640E-10
   273     5.06663689614416011288E-13
   274     1.01068158710077778137E-16
   275     6.99876872583345987105E-18
   276     2.40116702539195519146E-20
   277     1.03939656753092951096E-23
   278     5.13172303583610139956E-25
   279     4.20433714353748305113E-31
   280     1.91426884131658762841E-32
   281     7.30484485310738602845E-38
   282     3.86757901173772602667E-30
   283     2.65591770387998845940E-28
   284     5.07214611795913808341E-31
   285     7.79153887135526147219E-34
   286     1.35329725417481727820E-35
   287     1.01181141890770746753E-37
   288     2.60248805041350110104E-39
   289     2.13420388396728083490E-41
   290     3.76227028608189627375E-43
   291     1.35665621126281357835E-46
   292     1.64103650833188647203E-48
   293     8.74995042957891258144E-44
   294     1.58379142923534802325E-33
   295     8.58880834465529065503E-95
   296     3.69256205122382259754E-57
   297     1.23951452863822909259E-60
   298     7.79566468328412865420E-67
   299     8.81829345937650172027E-76
   300     1.79246067175542830912E-84
   301     6.33607761125374077204E-93
   302    1.76705410524923538816E-101
   303    1.04381531516328533841E-110
   304    2.41284429411616515803E-116
   305    1.08744131359429599838E-108
   306     2.65724596941246657549E-96
   307     1.01719999329498634340E-89
   308     2.12078051151457695079E-78
   309     1.59076485364386797356E-72
   310     2.80170981203517667970E-63
   311     1.12164818429189487565E-58
   312     1.74793724952968361492E-52
   313     1.27673947790448668053E-50
   314     3.79581983398548474174E-45
   315     1.56081247130476895224E-44
   316     1.06112188751987844626E-39
   317     1.22689320898273419441E-39
   318     3.82362244588989135925E-35
   319     2.35581750295170315463E-36
   320     3.31911130202478424204E-32
   321     3.30924896811684099529E-35
   322     5.12500391991127605360E-32
   323     4.06617705390481831491E-35
   324     2.33090731338026135098E-33
   325     1.03706358112138832045E-37
   326     1.68300733740419235719E-33
   327     4.82049609043379933330E-39
   328     1.53989345115739483169E-39
   329     4.00663456212319398943E-31
   330     1.53819861773982297851E-37
   331     3.01798938887599488970E-36
   332     1.65139700028214932303E-30
   333     2.14580761076670456776E-48
   334     9.64201582232505642792E-60
   335     1.07848033302428642813E-66
   336     1.33208063602374078123E-75
   337     1.26354381382672109556E-83
