1 0.911097424338139
2 1.76747653359879e-05
3 1.45753100915303e-05
4 0.0878116522099654
6 1.5778363457275e-10
7 1.92113755539173e-09
9 2.76364969439302e-11
10 1.28662997028088e-10
11 5.20461124302087e-10
12 0.000262385564285944
13 2.93904812902496e-06
14 7.28203330106542e-05
15 2.677074826017e-07
16 0.00052844400177572
17 1.97135847470942e-07
18 1.05951148441132e-06
19 3.15229964463517e-08
20 7.48066828045629e-05
21 1.79371134219759e-07
22 5.50181414614722e-06
23 2.15537691788097e-06
24 3.01962646972126e-05
25 3.82278639582436e-06
26 4.20881286520662e-06
27 3.15192486165518e-06
28 3.45662342438118e-05
29 1.75510869525936e-06
30 1.15695505920684e-06
31 3.13805789139582e-07
32 1.58420765638721e-05
33 1.25177515314249e-07
34 7.02718087467713e-07
35 1.48713886457167e-07
36 3.25259157007856e-06
37 4.75599601598148e-08
38 5.90845367942853e-07
39 1.29037780008071e-07
40 2.28514293869745e-06
41 9.31335705257209e-09
42 1.52536672852992e-08
43 3.18190750005381e-09
44 4.91340486757425e-08
45 1.28175779154111e-09
46 7.5893553446513e-09
47 6.74609363969005e-09
48 7.13212010907231e-08
49 4.90965703777442e-09
50 2.56996185033792e-08
51 1.07817567681446e-08
52 4.03828660931446e-07
53 4.57984801538958e-08
54 1.84708043854713e-06
55 3.43601036048213e-07
56 2.87833328626775e-08
57 6.65614572449418e-07
58 1.3080300784379e-06
59 8.70620862499999e-08
60 4.6967803051442e-07
61 2.04256724090615e-08
62 6.50998036230089e-08
63 1.36608396203723e-08
64 3.89024733222126e-08
65 6.09022342472018e-09
66 1.28175779154111e-08
67 1.88515838931338e-09
68 8.62000853960395e-09
69 8.10280802722771e-10
70 1.24427949354283e-09
71 5.3781357627529e-10
72 1.25177515314249e-09
73 3.48548171383986e-10
74 1.64454771616444e-09
75 2.28205356511515e-10
76 5.68170997653895e-10
77 1.88141055951356e-10
78 5.93656240292724e-10
79 2.15125430510116e-10
80 1.27126386810159e-09
81 2.09128902830391e-10
82 4.56110886639044e-10
83 2.38736758249031e-10
84 1.18098764301526e-09
85 1.77759567405833e-10
86 4.42644559385282e-10
87 1.33906210918048e-10
88 7.28731774108318e-10
89 1.72699997176065e-10
90 2.18498477329961e-10
91 4.76723950538097e-11
92 8.72869560379895e-11
93 2.83111063078992e-11
94 8.28270385761944e-11
95 1.55160153712871e-11
96 3.20926665759255e-11
97 9.33209620157123e-12
98 2.48668507218575e-11
99 9.06974811558328e-12
100 1.83643660191562e-11
101 1.21429685514421e-11
102 2.29966836517434e-11
103 1.38969528977615e-11
104 1.92638451711149e-11
105 1.1993055359449e-11
106 1.54335631156909e-11
107 9.54572250016141e-12
108 1.47701972411214e-11
109 8.86736530639258e-12
110 1.37170570673698e-11
111 7.60809449365044e-12
112 1.56752981377798e-11
113 7.56312053605251e-12
114 1.79745917199741e-11
115 6.95784602338032e-12
116 2.47956419556607e-11
117 1.07375323765067e-11
118 3.3887877050043e-11
119 1.20117945084481e-11
120 4.5772245345297e-11
121 7.05716351307575e-12
122 1.11722806332867e-11
123 6.91849381048212e-12
124 1.70503768913366e-11
125 1.28812910220082e-11
126 3.44245662773783e-11
127 3.73846022532823e-11
128 6.16892785051656e-11
129 5.54678810374515e-11
130 6.9994469341584e-11
131 4.40370001479767e-11
132 5.34215659667455e-11
133 1.37582831951679e-11
134 2.34689102065217e-11
135 1.07487758659061e-11
136 2.87784606839378e-11
137 1.83156442317585e-11
138 1.17056980052068e-10
139 1.64941989490422e-11
140 3.87525601302195e-11
141 6.50998036230089e-12
142 1.33718819428056e-11
143 3.8176556168284e-12
144 7.75361522911815e-12
145 2.5987451832006e-12
146 5.375887064873e-12
147 1.42829793671438e-12
148 2.86896371176818e-12
149 1.31548825973956e-12
150 2.46419809338678e-12
151 1.70451299296168e-12
152 2.57363472354175e-12
153 1.8607974956145e-12
154 2.437588501808e-12
155 1.84205834661537e-12
156 2.55549522731059e-12
157 1.94812192995049e-12
158 3.10511446745533e-12
159 2.21384306275828e-12
160 3.0601030315594e-12
161 2.7359157538743e-12
162 3.70472975712978e-12
163 3.60541226743435e-12
164 4.2353849784874e-12
165 3.36779985812526e-12
166 3.21713710017219e-12
167 2.19472913077916e-12
168 2.57637063929563e-12
169 1.38669702593629e-12
170 1.71204613085934e-12
171 1.32935522999892e-12
172 2.03244810044662e-12
173 1.501755400791e-12
174 2.97371555467337e-12
175 1.30424477034008e-12
176 1.55696468157226e-12
177 1.18419428619199e-12
178 1.73734398200818e-12
179 8.67435207170145e-13
180 2.23983726068393e-12
181 7.86557040089861e-13
182 1.26826560426173e-12
183 6.85103287408522e-13
184 1.47151041430639e-12
185 7.36448555666163e-13
186 1.76252939826302e-12
187 1.64792076298429e-12
188 3.35520714999784e-12
189 4.09075622651205e-12
190 6.65933137982403e-12
191 9.00603500898621e-12
192 1.0730036716907e-11
193 1.51599715403035e-11
194 1.67662913925097e-11
195 1.72059118280295e-11
196 1.28610527410891e-11
197 7.32700725866335e-12
198 5.18362339614183e-12
199 2.61223737047998e-12
200 3.5716817992359e-12
201 2.03881941110632e-12
202 4.62107414318768e-12
203 2.04256724090615e-12
204 3.48072196999408e-12
205 4.87217873977614e-12
206 2.28763783151689e-11
207 2.51411918632049e-11
208 7.16667509982672e-11
209 5.20198776216099e-12
232 1.31623782569952e-12
235 2.51104596588463e-15
238 3.46224516908092e-13
