     0     0.00000000000000000000E+00
     1     1.33773875890945473752E-12
     2     2.76690086376757208855E-20
     3     7.11875390174355856227E-14
     4     1.52967531287173965354E-12
     5     0.00000000000000000000E+00
     6     1.06033845731483051221E-11
     7     1.25774513213421015322E-14
     8     1.75333403261040736845E-17
     9     4.15353583543812930788E-09
    10     8.32125268726859148030E-10
    11     1.93405264901136776573E-11
    12     2.93540005541584174033E-10
    13     4.66783060285726586744E-10
    14     8.36044564569896789723E-08
    15     4.89605132222580356728E-06
    16     1.90120969363094503043E-05
    17     2.35868913208024761804E-07
    18     1.52228141132196996157E-06
    19     1.22015147812448079015E-05
    20     2.14407894369150784787E-06
    21     2.39541033120633793085E-06
    22     6.09048909567103067518E-08
    23     3.02037411458870762578E-06
    24     4.41698730909576473817E-07
    25     1.53470013322228310164E-06
    26     6.66526356418407372632E-07
    27     3.04925572042426288282E-07
    28     8.55330240295473381983E-08
    29     7.55362550313457983229E-08
    30     2.07801440992658296282E-07
    31     2.81614409890638465770E-08
    32     3.91308187188012279398E-08
    33     4.52342351972200730641E-08
    34     1.77522042814442070687E-07
    35     6.73277993223550056943E-09
    36     9.27574216873461070984E-08
    37     1.88253798142532617555E-08
    38     5.95838458457941082338E-09
    39     1.06707740701390934060E-08
    40     3.22796563579046180111E-08
    41     1.08443861085296085615E-07
    42     7.65433367484618178256E-08
    43     8.81728435951758839139E-08
    44     4.45664440523090220084E-07
    45     1.16658021899888838322E-06
    46     1.20593276388006809588E-07
    47     2.40200257806791920109E-07
    48     8.16090284542056215218E-07
    49     2.54040853601598679901E-07
    50     1.10688134218481853282E-07
    51     5.07545114645132241203E-07
    52     3.57788243519376471491E-07
    53     1.36155007706205689020E-07
    54     1.24449851840247070007E-07
    55     1.72616931355229396371E-08
    56     8.03612518490791915973E-08
    57     8.59033255732034042185E-09
    58     1.09980832745087688078E-08
    59     1.44014460949225099411E-08
    60     5.00310197872630393366E-09
    61     1.38366923197267004675E-08
    62     4.41418438326391761471E-08
    63     5.59539782185156412364E-09
    64     3.07593949027311778312E-08
    65     2.17277502961747223361E-08
    66     9.71843964499323135191E-09
    67     8.06956077932269136024E-08
    68     1.39364182379840412359E-07
    69     2.04362777048446009740E-08
    70     8.57503053172698933085E-08
    71     7.32167681007897526321E-08
    72     1.95225511525906534526E-07
    73     1.11602645448563733697E-07
    74     1.43849298751811226083E-07
    75     1.30595496075093082305E-07
    76     1.06788788778142111369E-06
    77     1.17117872111898070828E-06
    78     1.02239943425647777277E-06
    79     3.77312278142388946264E-06
    80     2.28994885282167199249E-06
    81     3.75522563860333425877E-07
    82     3.32291904746625546943E-07
    83     8.57959029819405391962E-07
    84     9.70140263663900061344E-07
    85     3.99454886022105636799E-07
    86     3.25568909732717681085E-07
    87     3.28544865893195311285E-07
    88     1.58894838436634673766E-07
    89     1.25804839534056105144E-07
    90     1.80297055581715206569E-07
    91     4.02892594144575530292E-08
    92     6.55876106356217717640E-09
    93     7.81884616426725107018E-09
    94     6.80708748778028822564E-09
    95     1.76598484420384820374E-08
    96     2.28900831332494347983E-08
    97     4.45195478343606085695E-08
    98     2.47095208770228105915E-08
    99     1.17432267666043074427E-08
   100     1.22156845286078706039E-09
   101     6.25070039558478746869E-09
   102     6.06382665556261291755E-10
   103     7.98602211131502173711E-09
   104     2.30793935352381215036E-08
   105     2.95159502529384731880E-09
   106     8.32970278931409740125E-08
   107     1.69660504952786473543E-08
   108     3.35999098273127667833E-08
   109     1.29356340888742305004E-07
   110     6.76756157969967830714E-07
   111     4.60071037542679430432E-08
   112     7.35034714512641795136E-07
   113     3.39495039976707331587E-07
   114     8.80861825744815383922E-08
   115     2.08285292615303700860E-07
   116     2.59292474465454360862E-07
   117     2.16611691310577916392E-07
   118     3.96922859198032681465E-07
   119     1.17479681683835279394E-07
   120     4.34135311008363053320E-07
   121     3.76937934266532054723E-07
   122     3.46648842903611868160E-07
   123     3.28735239542940871728E-07
   124     5.32406096276317248906E-07
   125     7.28089409343153776438E-07
   126     1.27741475760082302103E-06
   127     4.18595255365269264101E-06
   128     1.71830265053493814889E-04
   129     1.88467222768235522510E-04
   130     1.64621837418946437249E-04
   131     9.50951009644984365278E-05
   132     4.21027377058563929708E-04
   133     1.32212902555087972968E-04
   134     3.13593777878085395072E-05
   135     4.32389454674086893600E-06
   136     5.46394704041274986510E-05
   137     3.24503147851736380896E-05
   138     1.48349362998841131982E-05
   139     4.84719460134867533881E-06
   140     1.60843740859754164799E-05
   141     1.42713343532998467497E-06
   142     6.71697000160945030771E-07
   143     4.18269475139043317670E-07
   144     1.06647338216335825091E-07
   145     3.99313631116969250913E-07
   146     7.73640675054106186124E-07
   147     3.18786046294205315056E-07
   148     1.54222627158421443846E-06
   149     1.78287623893751152374E-07
   150     1.40274313124297733186E-06
   151     5.28223718241495063972E-07
   152     6.90616427943192662390E-07
   153     2.35951796000437911364E-06
   154     2.78738066306087290826E-06
   155     8.62314680689980631037E-07
   156     1.32141099922274144440E-06
   157     3.02583553525488835818E-07
   158     3.21799057468687918300E-06
   159     7.31869345235508159120E-06
   160     7.85819624092415224177E-06
   161     7.84352116228901871210E-07
   162     1.51899805042752347229E-05
   163     1.87859345708606522156E-05
   164     2.17525096707929772399E-05
   165     5.28231561021586878025E-06
   166     2.32274625638008914606E-05
   167     1.79133119559360581613E-05
   168     2.22495713910447424552E-05
   169     6.87449037761382966433E-05
   170     6.41351960406726903695E-05
   171     5.08067417880910836476E-06
   172     1.61225859043137563790E-05
   173     1.27758988518300576725E-05
   174     1.06538173632560080335E-05
   175     1.83722647835801151754E-05
   176     9.67920549996790470710E-06
   177     1.67297363706225172295E-05
   178     3.22939243356420890483E-05
   179     6.31961027022979559935E-06
   180     4.13919465384356613361E-05
   181     4.05493595820662585164E-05
   182     4.47402763130355372628E-05
   183     5.17549758222518090859E-06
   184     8.73399179054712379328E-06
   185     7.35470785743603486673E-06
   186     2.96279849798306409102E-06
   187     2.52808093377274578837E-06
   188     2.25824801803529559690E-06
   189     1.01306848567971197969E-06
   190     4.60937373435302986588E-06
   191     4.64025936594503311827E-06
   192     1.77945879568686939011E-05
   193     8.00845557769540448338E-06
   194     1.06708317393686049485E-04
   195     2.42026749109899006786E-04
   196     6.80359393736477621739E-04
   197     2.55877926316353378287E-04
   198     2.42991948391913144007E-04
   199     3.36453218944861778415E-05
   200     8.99594612799482903562E-06
   201     4.07984257482698955684E-06
   202     2.52468167924806380191E-05
   203     1.34115379535750754150E-05
   204     3.16685127884650883452E-06
   205     1.03107221432893695179E-06
   206     5.13953811605097811991E-06
   207     1.07667000976559037827E-05
   208     9.56126665383885515593E-06
   209     4.37583072937238583218E-06
   210     6.75821814698611185326E-06
   211     4.92143314513234748578E-06
   212     4.93873162272624051768E-06
   213     2.86954148402505135833E-06
   214     5.47905348610142438332E-06
   215     5.81048839211284419339E-06
   216     1.06221681906506387646E-05
   217     1.16244174122574388193E-05
   218     9.11126949594140628837E-06
   219     1.56114557970883048859E-05
   220     4.81716394149889708511E-06
   221     4.50682766942460415514E-06
   222     1.34663636932974727285E-05
   223     4.01771744381501038593E-06
   224     2.77091867123369148122E-05
   225     3.39196106845408507026E-05
   226     1.05178591714009362040E-05
   227     3.23965916533392969158E-05
   228     1.84022941755399433968E-05
   229     5.30004565899230111050E-06
   230     5.60834580776724175291E-05
   231     3.36810794318273857510E-05
   232     1.64283008429594301874E-05
   233     6.34814637116948673372E-05
   234     4.75876623624022209455E-05
   235     3.67856345546056984268E-06
   236     3.80507843355712191261E-05
   237     6.41037537236945341749E-05
   238     3.43349518714350940632E-05
   239     2.68418295614858218865E-05
   240     1.47538749990074123230E-05
   241     2.59056206933698368047E-05
   242     1.13987165217547926715E-05
   243     1.35330846485654574635E-05
   244     1.08606032537857082737E-05
   245     1.61878075174753221688E-06
   246     9.01789140143052919143E-06
   247     4.06106904233174394804E-06
   248     2.61140363689810733460E-05
   249     5.86151660612784506429E-05
   250     2.70414536781466494488E-05
   251     3.90471912613749228731E-05
   252     8.16432668100754209504E-05
   253     1.00830531176051950296E-04
   254     2.03594035173226841858E-05
   255     1.77477255061607510917E-05
   256     2.19598917912797360081E-05
   257     5.56951536987176456416E-06
   258     2.12770519457452581534E-05
   259     6.99020232479032405717E-06
   260     3.07853246869624469213E-05
   261     1.72201672285951761909E-05
   262     8.17856265901728584407E-05
   263     6.34266460044767988596E-05
   264     2.00414414560196063077E-04
   265     6.04284914421785148623E-05
   266     5.59577922243819563479E-09
   267     8.14836240163358194592E-11
   268     1.51189568559864300699E-08
   269     2.49051237774992985181E-12
   270     1.15303997761918100796E-07
   271     2.21257166208145537721E-12
   272     7.94155864837186052902E-13
   273     9.72563006606858754758E-17
   274     8.99811089721015086703E-21
   275     8.43997068570840184245E-24
   276     6.56383719550739275196E-28
   277     1.61459925515063922897E-31
   278     3.14729748043849656274E-34
   279     5.32190300733252972840E-41
   280     7.79300165883409824423E-44
   281     2.67212522118035314415E-45
   282     1.06057691983891748610E-31
   283     3.28096550680994440482E-60
   284     8.78381675173657173633E-40
   285     1.56242492507579979342E-37
   286     2.54982061170010165818E-42
   287     2.97771952158646329280E-46
   288     2.25616882169483303570E-51
   289     1.15707600771292404709E-55
   290     1.60207701255480258764E-61
   291     6.39595087314218152390E-61
   292     3.19390619642110054128E-49
   293     4.18118056326065231537E-45
   294     1.69593604323923735740E-82
   295     5.75789613727240950075E-92
   296     7.06308700693118509212E-96
   297    1.17504814735790965259E-105
   298    1.61126548407393715423E-111
   299    6.03338288868582795271E-122
   300    1.06045045745668636049E-127
   301    1.18869575391684288425E-138
   302    1.54670118215543772844E-143
   303    5.65672482636846289548E-140
   304    4.16563215515150941601E-113
   305    1.71887064957051839429E-105
   306     3.84199347612590138118E-93
   307     1.34617077080321609650E-86
   308     2.56602998182621133743E-75
   309     1.76131681715276577933E-69
   310     2.83720155516242918183E-60
   311     1.03933435452196835144E-55
   312     1.48176319076563047925E-49
   313     1.00211848212914313344E-47
   314     2.72110802768465753875E-42
   315     1.10501482739165386850E-41
   316     6.77015428144839434791E-37
   317     7.86805643716347864485E-37
   318     2.21386677617341117166E-32
   319     1.36224766213889230374E-33
   320     1.75608602174716658849E-29
   321     1.75164862705321373351E-32
   322     2.48045070482955730395E-29
   323     1.98071678183486607806E-32
   324     1.12536864438700009169E-30
   325     5.00782756259622624061E-35
   326     8.12527508818764428254E-31
   327     2.32832133583281839021E-36
   328     7.43417634067930968043E-37
   329     1.93432221239650024322E-28
   330     7.38372505683555947086E-35
   331     1.44400857776160369618E-33
   332     7.90139101014562782862E-28
   333     8.61068093653816546249E-42
   334     4.67740555673648790855E-52
   335     3.02064805762387620367E-56
   336     6.20433704022049647312E-64
   337     1.55001618920082789162E-68
