     0     0.00000000000000000000E+00
     1     8.96118604739725599373E-01
     2     2.55523764390907403179E-14
     3     9.20963654668924722499E-10
     4     1.13143096210817792247E-06
     5     0.00000000000000000000E+00
     6     8.71885212678555393526E-12
     7     1.17138978814468447357E-15
     8     2.43246284010594763797E-16
     9     4.99009576111201180438E-15
    10     2.97486996858069162555E-13
    11     2.60691882364482372124E-15
    12     3.54966595343146752262E-15
    13     3.86601895721495548317E-13
    14     5.19799163706985344360E-13
    15     2.51438872441069026930E-14
    16     6.85688967364134604098E-13
    17     1.32021221860338481558E-12
    18     4.74293007682959861907E-12
    19     2.73984977173578703755E-09
    20     6.51754327649851980277E-10
    21     7.40823920646833599082E-15
    22     3.21946936573784671701E-14
    23     5.63756918452459262759E-14
    24     3.99661495597697517012E-13
    25     5.61567222211024669554E-15
    26     3.36348220719309139988E-13
    27     9.96512542801435773211E-14
    28     6.78879103779825251892E-13
    29     3.40370920060361923568E-14
    30     3.69867109455730955340E-13
    31     4.99201094836902560452E-14
    32     3.50895920037062656052E-13
    33     8.00425031633758224930E-14
    34     5.34749849631776423147E-12
    35     3.31376678699837399162E-15
    36     6.15469661298021337711E-15
    37     4.06175147886141567002E-14
    38     7.41489511226870631889E-16
    39     3.14493832008853907336E-15
    40     1.73307587782788324295E-13
    41     5.20291072166538934305E-15
    42     1.99806697109520270888E-14
    43     9.47676888967737563346E-12
    44     7.26692036482953215848E-12
    45     7.85947655975160717684E-13
    46     5.72500245380957778839E-11
    47     3.38941976569833335483E-11
    48     9.10571582473411480472E-08
    49     6.91801310621690520181E-13
    50     1.60731422518456674990E-10
    51     7.58282594858894625635E-18
    52     6.49839250121428946011E-10
    53     1.23358174877744244398E-11
    54     5.49670228367641913298E-18
    55     2.60335916000260592077E-15
    56     1.44457506701571748667E-17
    57     1.59966093165764683016E-09
    58     2.23376602796381938079E-15
    59     7.68401472112697129312E-10
    60     2.35304652683012375373E-16
    61     4.75231925612552819311E-09
    62     3.29614572740540709355E-11
    63     8.97390881876150901613E-15
    64     8.36932387445836606307E-09
    65     7.63919800168072962073E-16
    66     2.36443407499399790372E-09
    67     2.33972521584801174260E-12
    68     1.26109282947784668606E-15
    69     1.27584804244599731572E-16
    70     3.53404502772071619074E-19
    71     6.01508017844598667317E-06
    72     6.51008605276770529633E-07
    73     2.37100263678765940073E-06
    74     1.35161626119654262497E-09
    75     2.09593797566790335621E-13
    76     3.93393945970234889701E-08
    77     6.08594913843472989173E-17
    78     2.01737510380670710522E-09
    79     1.13007566954112188341E-05
    80     6.06146533690235337242E-16
    81     2.35382472319389264960E-04
    82     3.34834727967756096858E-11
    83     3.02092256911721260748E-06
    84     2.85716456540010252136E-13
    85     2.45059218853606102495E-07
    86     4.90592464131236590501E-08
    87     3.65190660267793000614E-05
    88     3.04708931563809872496E-08
    89     4.59482741731248463777E-16
    90     2.81636742938385304782E-07
    91     1.03764970292742038447E-05
    92     2.75017646501328707720E-15
    93     3.13823957401290672955E-05
    94     1.96457027697595488653E-11
    95     4.01882641912188330451E-09
    96     1.57391336128590291366E-04
    97     1.13739600711210541036E-05
    98     7.25052809927828454837E-05
    99     4.30001901901650283829E-13
   100     2.13757716756156000671E-05
   101     4.96098199239896076177E-15
   102     5.71787724325885261692E-08
   103     4.71198616151394913861E-06
   104     2.06511198894391544347E-09
   105     5.33934680335939217523E-06
   106     1.66807221921774783985E-04
   107     1.18829601377236308683E-04
   108     3.53738355566020589967E-05
   109     3.92618314578828619869E-09
   110     3.04213914285971034364E-08
   111     1.35066908761228660525E-13
   112     6.04783699304286725322E-06
   113     1.33572195315089526870E-10
   114     2.36416722280266217971E-09
   115     1.25983194623678257108E-17
   116     3.87671754356529405518E-09
   117     5.72984773366476205292E-07
   118     1.25900126300519659326E-08
   119     2.14866037936718298952E-17
   120     4.86430873748578402294E-13
   121     3.17413481139666806589E-13
   122     2.71981956119167403418E-07
   123     2.68958087419544567357E-07
   124     3.98891514502052929378E-20
   125     7.66881978827280672571E-12
   126     9.09385753594599326511E-09
   127     2.22425103944465368966E-12
   128     5.47063482368670568793E-07
   129     8.50405186020700714599E-09
   130     8.68541814161325061006E-12
   131     1.67856435180763603971E-05
   132     3.04304499645176095924E-05
   133     4.47119331559036327645E-10
   134     1.39861525709458395945E-12
   135     4.90156429212517330177E-08
   136     4.24282799825381696684E-16
   137     8.15443808688630848777E-07
   138     5.49268276367114116837E-05
   139     1.87527081293039651749E-06
   140     9.96352823989682942304E-11
   141     5.20462524377799559740E-10
   142     4.00482245106996948177E-09
   143     5.19999549566418312762E-15
   144     1.36197511675625130989E-19
   145     6.53432962099622952778E-09
   146     3.18784470245852127130E-09
   147     9.62862623466580988278E-10
   148     2.41942185994896146639E-08
   149     9.20534986931697402167E-13
   150     5.36769028118869396628E-20
   151     1.15627260972843383998E-13
   152     3.34462147548048700677E-14
   153     1.40271218208366142114E-16
   154     7.51373880871263681072E-12
   155     4.92699689522793020479E-10
   156     1.74051150179845902694E-08
   157     2.09729397623798301641E-16
   158     4.84480074104749082120E-07
   159     2.66154836604973857733E-07
   160     1.45996167094730663294E-15
   161     1.23399467080380894010E-21
   162     2.92795624675626712869E-17
   163     7.74130976735758694470E-18
   164     5.42012894994712824191E-23
   165     1.65963570979077953945E-10
   166     2.91243621236697022536E-14
   167     3.62424152360636686476E-18
   168     2.80983190258437016207E-11
   169     5.49935065766542009192E-11
   170     4.14897103211045184258E-13
   171     4.84887376944697712514E-11
   172     1.59492229663172650026E-18
   173     6.47769945372537994886E-11
   174     6.11693475144497550183E-11
   175     1.97391694224055399536E-10
   176     1.29944830836060678101E-12
   177     8.48129895950124357472E-10
   178     1.51502029751598632481E-15
   179     2.99859720696456328509E-09
   180     5.66140733524829117941E-18
   181     1.16777111117002747066E-20
   182     5.20650445649482109605E-09
   183     9.09277294207548505360E-15
   184     1.60084209107230438645E-11
   185     4.33691446382681615333E-10
   186     3.63213909354613443446E-16
   187     2.20512195579411081437E-25
   188     2.67905735083661836448E-09
   189     7.02139472270926075432E-12
   190     4.20797731511029208826E-11
   191     1.21471180132536384527E-27
   192     3.70236285049372815188E-20
   193     2.30187874466941380913E-16
   194     7.42564319282794280883E-16
   195     8.77458138502717721711E-21
   196     5.04585979327914281839E-18
   197     2.41653008050405650897E-16
   198     2.44875469485627455504E-17
   199     2.05877655913786257080E-16
   200     2.62963917810124712143E-16
   201     1.03167907895359459141E-17
   202     2.18243973842709625421E-20
   203     7.20953975447537046625E-16
   204     2.01770896288932809325E-16
   205     3.91458030992234232848E-19
   206     8.37278586073522080465E-16
   207     5.71211491276912332644E-19
   208     1.04429226518142089100E-15
   209     2.50549747527500902791E-29
   210     5.56939048278399729658E-16
   211     9.98032229339774160807E-19
   212     1.01173950773855061397E-16
   213     6.48145981246559801745E-16
   214     4.97923147173243141255E-19
   215     3.32863482554621936952E-28
   216     2.62277074595844054141E-16
   217     1.24468329831889312660E-16
   218     2.60750677481420984949E-18
   219     1.77101789866109973044E-16
   220     9.59512601565465320176E-21
   221     3.99527646784897760053E-23
   222     1.80397842487624939011E-20
   223     1.16437718596824880271E-22
   224     4.66141098237769370017E-20
   225     6.16418434317861285380E-23
   226     2.46264074027770258758E-19
   227     3.12701704932541689182E-32
   228     1.73431559365066355070E-19
   229     3.38947833057455403536E-30
   230     1.13691247269110169026E-20
   231     4.96631318420900904857E-32
   232     9.85126539323287531622E-21
   233     5.15993566841276284638E-21
   234     2.32683103898820047030E-30
   235     2.71449660453456678627E-26
   236     5.69384325900449518254E-26
   237     1.16707403149386946468E-25
   238     8.42067566417912809230E-38
   239     6.32769211125840460057E-27
   240     2.68504239880364128661E-28
   241     1.61977708164645972055E-33
   242     2.94597971262105530066E-26
   243     2.08318946145266214850E-32
   244     3.97998696812851440492E-44
   245     1.17801300876078825098E-35
   246     1.25859190896954170829E-41
   247     2.36798606017590091993E-32
   248     7.62731505451303232608E-30
   249     1.52033510978182730672E-41
   250     2.06760545408609534727E-41
   251     3.48981548740361265239E-53
   252     2.68753396679840275249E-42
   253     1.76608102859045309637E-61
   254     5.72663949061174584567E-53
   255     1.71784342698820660109E-55
   256     1.24095446958782646914E-56
   257     1.76247543248010415320E-62
   258     9.85450973749086987570E-62
   259     5.55835847797325744688E-54
   260     1.16534437627526713731E-68
   261     3.57942743877439245476E-49
   262     1.94953209426591604658E-60
   263     8.90284123560227916175E-53
   264     1.77606963059523550404E-61
   265     8.73059830884947070965E-53
   266     7.63482946801446804422E-53
   267     7.25795830706453276423E-53
   268     3.76486303403117371254E-53
   269     3.27301446881584733413E-53
   270     4.08337136254357566465E-60
   271     1.61428593157070359794E-73
   272     4.04110622163826048925E-44
   273     1.01382757240805046221E-51
   274     6.31220239793473837559E-62
   275     1.02151279616173884411E-70
   276     8.69327546840169813070E-76
   277     5.35295709998389044312E-84
   278    1.52787377332844721627E-111
   279    7.93307127114865086677E-139
   280    4.72955312834738258260E-127
   281    6.23061859132812933879E-168
   282    3.96545248377596215741E-264
   283    2.03729998903230837619E-232
   284    6.48267596985820587065E-233
   285    3.54471315394561872181E-232
   286    9.07566385242766218416E-218
   287     6.27165762373508582047E-97
   288     3.84454080718553333784E-58
   289     8.04338348584698802080E-58
   290     2.50868526850782278936E-91
   291     2.49393645527731483385E-67
   292     9.72637271390950810721E-46
   293     1.33521891330889029282E-86
   294     3.14634253002467734454E-62
   295     3.53302091189166617463E-99
   296    4.36420891816391004719E-113
   297    6.90466645851385400900E-104
   298    1.57558119381701001306E-110
   299    5.94774333510637038537E-135
   300    1.20060446767553161701E-119
   301    1.13747481405865350733E-149
   302    4.47880175585722703795E-135
   303    2.23893003087413212800E-140
   304    2.56667209913201290510E-186
   305    1.75240408680346934394E-158
   306    1.66565103865458158796E-170
   307    3.29787936590796245376E-184
   308    1.22057612283000467267E-172
   309    1.02855126803055125417E-173
   310    7.64060587864298836550E-181
   311    1.36093079232756591068E-140
   312    1.83463582145982556251E-134
   313    2.26722713989918464693E-110
   314    2.63590114719975962382E-125
   315     3.78247548331529242306E-96
   316     5.96305624936954578687E-97
   317    2.96958301779583257184E-312
   318    6.90705868218693204296E-213
   319    3.72377732420482114242E-193
   320    3.08181045136024254291E-161
   321    5.43205851976261435513E-129
   322    1.91920958374233135569E-110
   323    2.00288478310210444282E-133
   324    1.44610965958719227712E-132
   325    4.81178249715441542437E-121
   326    2.38845241982350366526E-145
   327    6.79479382295295746144E-134
   328    2.53013809591498286286E-123
   329    7.35350498022717106280E-154
   330    1.08707636099093320055E-142
   331    6.16916647287509459991E-158
   332    3.72596678568763457914E-185
   333    1.75680692092085442610E-229
   334    2.67864395192305422293E-266
   335    4.15553469657158219127E-251
   336    1.63745874969173090911E-293
   337    1.37840360508042776122E-280
