     0     0.00000000000000000000E+00
     1     8.07404105285672189878E-09
     2     1.80314918334983360642E-13
     3     7.57117168353117909263E-10
     4     8.81473755613790553630E-05
     5     0.00000000000000000000E+00
     6     1.91052581083550656439E-13
     7     4.06297853830682433225E-10
     8     6.06908465867125124283E-13
     9     2.10758078829619093400E-07
    10     1.59091875020931351416E-07
    11     1.08124424690752033717E-09
    12     2.76644977476603769852E-08
    13     4.72297377009036029987E-09
    14     1.84413988759504488078E-09
    15     3.20765239542799326669E-07
    16     6.06575005669284679963E-07
    17     2.40409573321862532210E-09
    18     1.50125066447096374163E-09
    19     6.23795721446171537629E-08
    20     1.17185357603039413925E-07
    21     1.57376817233886355359E-08
    22     1.22193210676089971710E-10
    23     4.32984109442624034281E-08
    24     3.39561096836605293223E-08
    25     4.18933861392013604200E-09
    26     2.34606962571017201689E-09
    27     1.03168154918586172645E-09
    28     7.26624124117416164864E-10
    29     3.77020032114840973806E-10
    30     1.06020117036242604199E-09
    31     1.60941699223617695132E-09
    32     6.68469141988115205391E-09
    33     4.12978722935137534978E-09
    34     9.77473419984318590004E-09
    35     6.37320333979534627759E-09
    36     1.59720044913216859347E-09
    37     1.29962616458554339390E-10
    38     2.26597558073576580542E-09
    39     2.73020869617901153592E-11
    40     1.33794224035085711906E-10
    41     3.22718665392609642021E-10
    42     2.17934177882051087295E-09
    43     3.25730126839750132728E-09
    44     2.70742408463515342398E-09
    45     4.34946946455755377708E-09
    46     3.87567772340143096856E-09
    47     6.75314687776309780993E-09
    48     3.06118174984318486746E-09
    49     4.68040735425720119438E-09
    50     2.34715708196159493208E-09
    51     7.06524924537201292681E-09
    52     1.52539263734900919690E-09
    53     7.14644548076623461094E-11
    54     1.01096840102497736548E-10
    55     4.34496369407285293125E-10
    56     1.43085512485912524163E-11
    57     2.94434029112796988895E-10
    58     2.83452763937000612924E-11
    59     3.43267444424190256234E-10
    60     4.31918688070010613870E-10
    61     3.05938766526884223919E-10
    62     7.09742340905955894722E-11
    63     1.41990131319322970610E-09
    64     2.30313410865970544389E-10
    65     1.84913640644445059750E-09
    66     5.00419637849530444168E-09
    67     3.24250678535466304781E-09
    68     6.84464061547401729978E-11
    69     2.97127518967632709840E-09
    70     2.81160385352116732640E-09
    71     2.17354393185609719117E-09
    72     2.56669083304576817592E-10
    73     4.38190125784578403999E-09
    74     7.65392648326770472616E-10
    75     1.18618260778344329722E-08
    76     1.14011988003004244636E-09
    77     1.63415033425511307465E-08
    78     6.66142479798621868464E-09
    79     1.03073929254666332781E-08
    80     2.61662396604768909417E-07
    81     1.27466059027686423609E-07
    82     8.28929539830588669928E-07
    83     8.32237066076555093342E-07
    84     1.15575464154216459704E-07
    85     2.93640631435579798003E-07
    86     3.00820401726458457541E-08
    87     1.28412296662514489717E-08
    88     1.56337899565674501336E-09
    89     2.56112498861332687108E-09
    90     1.21689246508162643392E-09
    91     6.55308527348565140255E-10
    92     5.88546847667842460681E-10
    93     6.23226328585562321427E-10
    94     7.34896621543651013716E-10
    95     2.61329155096909663715E-10
    96     1.85031090915834162150E-10
    97     1.24064448830717023676E-09
    98     8.96652882094563635985E-09
    99     4.89261270554440916497E-08
   100     2.60289720767704288513E-07
   101     2.92700583464283816367E-07
   102     2.37115146629823354874E-07
   103     1.63649679106353237038E-06
   104     4.58517487546017232544E-07
   105     2.44953737155936631287E-06
   106     3.15125790587281841652E-07
   107     1.12260387494756678931E-06
   108     4.72745020208732035016E-07
   109     1.45828583672426584487E-06
   110     1.36454451762730946627E-06
   111     2.23727110331821042543E-06
   112     2.84302595626057894859E-06
   113     1.34245873908673955876E-06
   114     1.73556075298837298034E-06
   115     3.27639114296219505573E-06
   116     1.02127603845854210459E-07
   117     1.32578948989436532168E-06
   118     4.44162471318112532443E-07
   119     1.39431784201112161001E-06
   120     1.36237329974989001301E-06
   121     1.33579442893816982212E-07
   122     2.57591410907616818549E-07
   123     2.59787256370174280328E-07
   124     1.87135610701420549309E-07
   125     8.38343002237033712003E-08
   126     2.80367705646640782402E-07
   127     2.31617189121638742834E-06
   128     1.00579246268089715763E-05
   129     8.87134286992343715651E-05
   130     2.15229435623532521817E-05
   131     1.47472410649824691841E-04
   132     6.32845657508269987535E-04
   133     2.43922885684938597689E-04
   134     2.13641507355432632787E-04
   135     5.93982633385102022638E-04
   136     4.54885073696073745104E-04
   137     1.03341592986547328769E-04
   138     3.85248509594904328212E-05
   139     9.26282586935576420547E-06
   140     1.80774444401080951444E-05
   141     4.67093183534736397993E-06
   142     1.86759027791622633613E-06
   143     6.49866092264709912728E-07
   144     8.33357316153205890408E-08
   145     5.12287544275965109030E-07
   146     2.18184864525415326896E-06
   147     1.86062544833822873647E-06
   148     1.85681711559971615153E-06
   149     3.93754424763258716762E-06
   150     7.41168471827099332257E-06
   151     4.23946967776669508517E-06
   152     9.27794042448204288201E-06
   153     4.10432025709165821005E-06
   154     1.06133932247464163204E-05
   155     6.77948840332703817432E-06
   156     1.34038515092478713493E-05
   157     6.44069686516673925485E-06
   158     1.08843416473619779478E-05
   159     6.45307651086497883938E-06
   160     1.16876331845686943324E-05
   161     5.73191667907108995416E-06
   162     1.70278475250911959823E-05
   163     6.72511076054157789432E-06
   164     2.11819446536354963090E-05
   165     1.17338059540367675796E-05
   166     3.32263585705029913645E-05
   167     1.07713011157482219186E-05
   168     4.36656158880820800599E-05
   169     2.12808372449068093624E-05
   170     3.42377762918781011542E-05
   171     1.70227187340807223121E-05
   172     4.09134085085807421489E-05
   173     1.94377240383247520104E-05
   174     2.17798207355836342611E-05
   175     1.00702680738296565711E-05
   176     1.89541186227483005966E-05
   177     8.30445489144051199695E-06
   178     1.62440810694662466154E-05
   179     4.97457588640853814408E-06
   180     1.26578194125098120523E-05
   181     5.84937720290922162961E-06
   182     1.42978316482933005751E-05
   183     3.03931281745103326256E-06
   184     1.02009640519687909383E-05
   185     3.81379243594724160209E-06
   186     9.65728739455794448442E-06
   187     7.79656299944199635801E-06
   188     2.03958249607879078715E-05
   189     2.15446815998381234415E-05
   190     5.68285289786371708735E-05
   191     4.38587829157338363810E-05
   192     1.34037188300177172217E-04
   193     1.08607584184216204642E-04
   194     2.72779754055728460189E-04
   195     3.14936165587635056185E-04
   196     1.55093054141221915396E-04
   197     2.19139674354269775852E-04
   198     1.04229038526280846900E-04
   199     1.57770258493388317641E-05
   200     8.24730706996767492319E-06
   201     7.07078862885035560691E-07
   202     8.07759463231060568286E-07
   203     3.88514696386474416756E-07
   204     6.53800340983865885983E-07
   205     4.28077468256772511676E-07
   206     6.39353272865297811588E-07
   207     8.51129400830276749015E-07
   208     1.09389803248796729279E-06
   209     9.72853581726732563029E-07
   210     9.29501117914129372241E-07
   211     6.04782895992305674927E-07
   212     9.36126557706577000831E-07
   213     6.28770141438280066122E-07
   214     9.52744069665246637234E-07
   215     5.33153517532225720069E-07
   216     9.36047417913065804116E-07
   217     6.44552185413776888013E-07
   218     3.90188782025420945141E-07
   219     4.36756252765824839096E-07
   220     1.23613612241911239655E-06
   221     1.75184676909253627091E-06
   222     2.33342882752194258621E-06
   223     9.61127675742680514189E-07
   224     1.83542007444838473617E-06
   225     4.22392580378802187630E-06
   226     7.65679676420192399243E-06
   227     3.94163155721019345108E-06
   228     8.04106387773307071463E-06
   229     4.04080591936314452114E-06
   230     5.22479035690825362621E-06
   231     4.21757193836907483589E-06
   232     1.10180490796702191132E-05
   233     3.57223804462313229723E-06
   234     1.04759803925775614534E-05
   235     4.05709383825021561765E-06
   236     9.87105718747367357814E-06
   237     1.33543170910552202373E-05
   238     1.43702927941156312087E-05
   239     1.68056310552702841646E-05
   240     1.04882855637129860223E-05
   241     2.96598244178175673524E-05
   242     7.08374115142058862610E-06
   243     2.50446445362533378980E-05
   244     7.21248542841305821557E-06
   245     4.09621121904647685899E-05
   246     1.19080721612486580495E-05
   247     2.85487122494158506174E-05
   248     3.17675578737509138843E-05
   249     1.81733035693026574243E-05
   250     1.58732646523468636142E-05
   251     1.31803868824252009065E-05
   252     4.81455852271284163004E-05
   253     3.11447205836407016097E-05
   254     2.37374286462374926691E-05
   255     1.46838064911788271426E-05
   256     3.12181959730625034730E-05
   257     2.52558591397137048758E-05
   258     2.90022265015245651865E-05
   259     1.03701572147355662205E-05
   260     1.88433150808248230383E-05
   261     1.33647821084111424132E-05
   262     2.69829386443288177981E-05
   263     1.85271360246433319558E-05
   264     1.88852556228546295696E-05
   265     2.50829355865144820248E-05
   266     1.38933332429381479849E-05
   267     4.69985716789696706747E-06
   268     3.14395124241904227753E-05
   269     1.00261320430578336162E-05
   270     5.27082682712749160106E-05
   271     2.48531538737129596814E-05
   272     5.52736211737702554493E-05
   273     5.44010512768833569188E-05
   274     4.56011268627510841893E-05
   275     1.17956792748906047263E-05
   276     3.57849822440106234579E-05
   277     3.10451913163132174636E-06
   278     6.26506173260371939315E-06
   279     6.52811587371752271936E-08
   280     6.90959608837565235973E-10
   281     6.41924408973046178130E-12
   282     1.19372021667174032765E-13
   283     1.62673738803815217500E-12
   284     3.11595096878133089299E-15
   285     4.76176308878766819515E-14
   286     8.33674297305344391887E-18
   287     3.04835811913614513212E-21
   288     5.42648256592130382016E-24
   289     3.27875238217446335717E-26
   290     2.40035011127436044293E-30
   291     1.35297499511200539002E-33
   292     3.53098525399154970315E-33
   293     3.37597641326912061684E-34
   294     2.38207898477740401603E-35
   295     2.49752346541715582272E-37
   296     7.38072593044410037907E-37
   297     9.43987011454752483225E-37
   298     4.88794963223011000295E-37
   299     1.07901844551063708157E-36
   300     1.53834381407783841972E-36
   301     5.54408692310587634044E-36
   302     4.15395062102778187732E-36
   303     1.74405500521348085269E-36
   304     4.14543752466450573447E-37
   305     9.25926862115947069209E-37
   306     6.26507199464714488045E-37
   307     6.76159921206350589287E-38
   308     1.65206618481803131205E-38
   309     5.72078498488947186138E-39
   310     3.50336489934732232036E-39
   311     6.38063447079473764895E-39
   312     2.27700773782349367844E-39
   313     1.31108126591339677859E-39
   314     1.02183476459092315679E-39
   315     2.57232459300411099065E-39
   316     7.63474549904120630327E-39
   317     2.93284311722461510164E-38
   318     1.80489500859157079280E-38
   319     1.85023977016687878760E-38
   320     7.73680738557247761097E-38
   321     3.65844551551848665687E-38
   322     2.05527188746194057553E-37
   323     2.66236144654205623758E-37
   324     3.21020831461988462776E-38
   325     2.09608515091662964686E-36
   326     6.15584882795958328605E-37
   327     5.88207157935954773178E-37
   328     4.69780544125259601714E-38
   329     4.36925666802689892791E-35
   330     9.60160663884067741501E-37
   331     1.03110939656694147754E-36
   332     2.71102704364894914356E-38
   333     2.88077701994890508785E-38
   334     2.68724781204442987149E-39
   335     5.27463941662623207196E-39
   336     6.24919956269922748030E-40
   337     5.94319392069193861472E-37
