     0     0.00000000000000000000E+00
     1     4.85775598531982372655E-13
     2     1.25189105324969855240E-20
     3     4.27129510505787578577E-14
     4     8.85154184194721793457E-13
     5     0.00000000000000000000E+00
     6     3.93490523599161628058E-12
     7     1.32138384784450049190E-14
     8     1.30555340871124629494E-17
     9     3.09383345895935712036E-09
    10     1.77062572606779132018E-09
    11     5.28552748935814678186E-11
    12     8.82890921259963372253E-10
    13     1.32296194531732946749E-09
    14     1.78382454448093182168E-07
    15     7.07456011517115936044E-06
    16     1.86771331404557060717E-05
    17     2.32669539117404907698E-07
    18     2.26726378622518160168E-06
    19     1.13901262767814298577E-05
    20     2.27585145552951361868E-06
    21     2.29110698788837155183E-06
    22     5.98968192062531468225E-08
    23     2.76925576514995685977E-06
    24     2.57925370904605585353E-07
    25     1.09053968317743671131E-06
    26     4.45647224763988525613E-07
    27     2.46801564413903836186E-07
    28     8.55282941629118230824E-08
    29     5.05645494591233448514E-08
    30     1.34678157761504745432E-07
    31     3.07779693564414427444E-08
    32     2.66611561622685565220E-08
    33     3.01604749101340949996E-08
    34     1.34710354265085029286E-07
    35     7.53193094615839906933E-09
    36     7.84816750342677765608E-08
    37     2.43680029194143784569E-08
    38     5.52954657090801892670E-09
    39     6.77456706812049622040E-10
    40     1.02796450180466389446E-09
    41     3.07179277384979941647E-09
    42     3.30618492979040700361E-09
    43     9.02664867060903294119E-09
    44     4.26177084581423511003E-08
    45     1.67203068285295506731E-08
    46     4.28764659355210885175E-08
    47     2.21492953174555833510E-07
    48     2.72235291436317337432E-07
    49     3.38829541297653068543E-08
    50     1.93444162380946397939E-07
    51     1.05717846532401883324E-06
    52     4.74596691398678174188E-08
    53     2.22416866024780801869E-09
    54     8.52512004227192678077E-08
    55     6.30172990950192449029E-09
    56     6.86421386336678230722E-10
    57     2.53217945183234988326E-08
    58     1.26496323300806122874E-10
    59     6.67295955534853075683E-09
    60     1.73930355326406846514E-08
    61     4.65798041910675111424E-09
    62     2.28152472671560407806E-09
    63     2.83045363117265528484E-08
    64     2.76396777829078226140E-08
    65     1.20680120775720480302E-08
    66     2.66510024482004882718E-08
    67     4.80962838973184513663E-08
    68     9.89097712765209698197E-09
    69     2.60115470736072088881E-08
    70     3.33329279905170045662E-08
    71     4.19935989158851813350E-08
    72     1.87494484874576506583E-07
    73     8.06532441982782361943E-08
    74     1.00316465607717144417E-07
    75     2.02604677123377521734E-07
    76     7.28698497494287566271E-09
    77     1.18459897353602408796E-06
    78     1.56961768126129701260E-06
    79     4.05041249787274645444E-06
    80     4.26663426258606541053E-06
    81     3.13820510790319880204E-08
    82     5.68931344276164985606E-07
    83     1.85878664227702755689E-06
    84     1.50235779910961556345E-07
    85     9.04170497427753311448E-07
    86     1.14975353790609877932E-06
    87     8.30386188954441279904E-07
    88     1.22768234948133138576E-07
    89     3.13211258303159650526E-07
    90     4.75564348779012232173E-07
    91     5.35985812130195328913E-08
    92     1.00788172289060532378E-08
    93     1.99691021892440393001E-08
    94     2.38160650368552014536E-08
    95     2.85554908578893625405E-08
    96     9.00621971920523777544E-10
    97     4.96207611366381120646E-08
    98     3.79962551019439523483E-08
    99     5.65062962868302110003E-09
   100     7.21242942216294617547E-09
   101     3.63150731091198248166E-08
   102     2.28273523829479344126E-09
   103     1.54857683757353510237E-08
   104     9.78529240606023073464E-08
   105     2.76966395389490654083E-08
   106     3.21349766015324679340E-07
   107     2.03698019940974901219E-07
   108     2.84884019811946534344E-08
   109     2.83762719929518455952E-07
   110     1.38969557401380202655E-06
   111     4.56938182545195916583E-07
   112     3.53240162848931508042E-06
   113     1.55185718849357567156E-06
   114     3.84540899010855739363E-07
   115     4.13463574468717532166E-07
   116     6.97658789427289915485E-07
   117     2.71191857654161475348E-07
   118     5.74016235581811951405E-07
   119     4.93221798412150750082E-07
   120     1.18454937236891630723E-06
   121     9.51975712386599430842E-07
   122     1.25505522255767807069E-06
   123     7.93886409749680559321E-07
   124     9.12993398071426228040E-07
   125     1.79202942250162726568E-06
   126     2.05096251263760987100E-06
   127     4.88479219275004668087E-06
   128     1.40501396555770143417E-04
   129     2.57680934519485653218E-04
   130     3.88168949511281165948E-04
   131     1.53903305946985458595E-04
   132     6.20308013616665382926E-04
   133     1.55502072173401223801E-04
   134     3.73114359475513896196E-05
   135     4.87800056823761230343E-06
   136     7.59886547550795186457E-05
   137     4.80018464618070631088E-05
   138     1.38258406641651984860E-05
   139     2.50616416228852022661E-06
   140     1.73522348679392680816E-05
   141     2.87537909387543385784E-06
   142     7.19570483110460543339E-07
   143     3.46481364316540700004E-07
   144     6.26569258723053621551E-08
   145     3.00082965857761976007E-07
   146     1.43150464778441243279E-06
   147     1.67741687802650323628E-07
   148     2.19307490418034881061E-06
   149     5.15554994108423702592E-07
   150     7.85155868128094480507E-07
   151     1.65932406358668750396E-06
   152     1.69927986791022552327E-06
   153     1.92212659016536908639E-06
   154     5.13515074204461980924E-06
   155     4.91564068173699963358E-07
   156     1.28424977655242076331E-06
   157     1.34036297002994986074E-06
   158     2.30592769538145790536E-06
   159     4.80502418402840292662E-06
   160     2.56932431328703391566E-05
   161     4.74417993831882839112E-06
   162     8.31777111809921451127E-06
   163     1.73396692550244336639E-05
   164     6.01457043334716469178E-05
   165     2.13273117684796826405E-05
   166     1.61797347486296331706E-05
   167     2.41029249622712934270E-05
   168     2.32407476252604647097E-05
   169     2.37495011556099707198E-05
   170     5.99606872898544182257E-05
   171     7.25636675905623696132E-06
   172     9.62506963378258965491E-06
   173     1.80624999541229255590E-05
   174     1.44734779394645045222E-05
   175     1.43675299773790039200E-05
   176     8.83712611293524160098E-06
   177     5.83501445955711905788E-06
   178     2.73186294754284927249E-05
   179     7.15345020875630555616E-06
   180     7.28605198456544181547E-06
   181     1.17208461231682438213E-05
   182     1.49506014682117017853E-05
   183     1.22166765979988729027E-06
   184     3.00081537209721523567E-06
   185     7.99077929913424326833E-07
   186     4.82981842046399365572E-07
   187     5.14656460709069015505E-07
   188     4.46537148791761828326E-07
   189     3.65579492812183396708E-07
   190     5.23837290078150145554E-07
   191     1.18935994370122454583E-06
   192     1.39398094594529547196E-06
   193     1.75812961849834571823E-06
   194     3.28329472139828406913E-05
   195     6.41527162738635635918E-05
   196     5.35581995587265766341E-04
   197     2.08286694568578180289E-04
   198     3.13743517973060230455E-04
   199     3.27181403352488071163E-05
   200     4.82956809490237467386E-06
   201     6.69039075749009047367E-07
   202     2.19646287938315562733E-05
   203     1.03596733063892688568E-05
   204     3.35692007271208700867E-06
   205     8.07317644694731482375E-07
   206     6.91042647533162732014E-06
   207     5.67115876436375738372E-06
   208     6.00461004685752121443E-06
   209     1.60094112216807937603E-06
   210     2.75234022810476582028E-06
   211     1.86227452550171875295E-06
   212     3.08256136822613829068E-06
   213     1.32586384320796787638E-06
   214     3.02860779546451128790E-06
   215     1.46940412415476053611E-06
   216     4.86445833678139491127E-06
   217     3.01808398167216953214E-06
   218     4.09882474663051800758E-06
   219     6.67724986963401490834E-06
   220     1.62764164870121196803E-06
   221     5.48950351074110887828E-06
   222     8.14232572552209839364E-06
   223     1.12370406680529906757E-06
   224     1.79370126374789924260E-05
   225     4.62093912589160004257E-06
   226     8.41225964736292456628E-06
   227     2.16768310640477664683E-05
   228     7.63950654880561633099E-06
   229     2.01874188724383775602E-05
   230     5.34687688380759240485E-05
   231     9.80087707049722071224E-06
   232     2.58186025641828074994E-05
   233     8.69802438530211334934E-05
   234     5.35760002963053420582E-05
   235     1.01710705354010720743E-05
   236     6.16505672947281687128E-05
   237     7.89059278611233607141E-05
   238     4.39163355566513376291E-05
   239     1.04032977548606491022E-05
   240     1.10881130444078218752E-05
   241     9.09485429272144480189E-06
   242     6.11326413069309115698E-06
   243     1.43144123805249547310E-05
   244     6.62180533072971499379E-06
   245     7.04005983179188795181E-06
   246     7.98306727696820963333E-06
   247     5.87227844700897086264E-06
   248     2.26764683159596756314E-05
   249     6.18076376897477148647E-06
   250     2.50875684114964824553E-05
   251     6.68989011667259539894E-05
   252     7.70968050717666118820E-05
   253     4.31039513030141431234E-05
   254     1.94484251540128227919E-05
   255     3.31128479263628422240E-05
   256     2.35666429800838125061E-05
   257     5.48973831438159257849E-06
   258     2.14078512216215811794E-05
   259     5.88315975705383601693E-06
   260     3.13744762069570950623E-05
   261     1.91711986096319957084E-05
   262     9.02797038641206821188E-05
   263     1.00127363594943810947E-04
   264     2.61739879722981509669E-04
   265     1.62460635805974045040E-04
   266     3.01713648873805704529E-08
   267     5.58564284206132994317E-10
   268     1.92316463167462779584E-07
   269     9.85336802478140103554E-10
   270     2.08573022843034643786E-05
   271     3.00969121893884935713E-08
   272     4.89005198128078476127E-09
   273     3.70022103211000705396E-10
   274     2.71390021242180356227E-13
   275     5.23348789838179873004E-15
   276     3.42020404221298795066E-16
   277     1.74311866330159175802E-20
   278     1.87712930568778715233E-20
   279     7.29395822707842600280E-25
   280     7.24875833480271133494E-28
   281     8.76738485702061168871E-31
   282     3.65844682138671495769E-34
   283     4.00655964235278675892E-28
   284     6.61974701195882074619E-37
   285     1.41447492234214537652E-43
   286     6.16718000563589598077E-48
   287     4.92989582513292542876E-49
   288     6.96720042069667933365E-60
   289     7.50500337978598910387E-62
   290     1.52235741795323365879E-58
   291     1.00880075966337373284E-53
   292     1.61714568474151141170E-46
   293     5.39638961275184187254E-41
   294     6.59721038658450427112E-33
   295     3.82944764884750560008E-33
   296     1.21789234078683168888E-41
   297     2.64244805543840378575E-50
   298     6.42620178049721571590E-59
   299     1.27653956596040799205E-68
   300     3.03323941813681709164E-77
   301     6.73752573129949893024E-87
   302     4.03387221771230895373E-95
   303    7.71200500496886108154E-104
   304    8.73756736608264367808E-112
   305    5.77824877857909479509E-105
   306     4.68842154654673901115E-93
   307     6.03777933879087164797E-87
   308     4.13087407318231383970E-76
   309     1.03551468011057950314E-70
   310     6.02420103698103787934E-62
   311     8.03704522486850477106E-58
   312     4.15367849596773057015E-52
   313     1.28066367791120667377E-50
   314     1.21218310882962026172E-45
   315     5.02926533085006430166E-45
   316     8.83256189378430748347E-41
   317     1.11234167308320199978E-40
   318     9.87970886741739722641E-37
   319     6.04187807686856608384E-38
   320     2.81640692186115618816E-34
   321     2.88372417274405181515E-37
   322     1.48841293291103760119E-34
   323     1.24596697446853977724E-37
   324     6.66609129960004344213E-36
   325     2.96549346257666050122E-40
   326     4.81234207293616039133E-36
   327     1.37827240604735079593E-41
   328     4.40282400558353172055E-42
   329     1.14594731475349431267E-33
   330     4.24872962009267893842E-40
   331     8.27901039293686371350E-39
   332     4.53014611006217602498E-33
   333     1.71489956938708761137E-51
   334     2.19586663875946720015E-60
   335     7.37280625260648755708E-69
   336     9.92812769744460658869E-80
   337     2.38381359018966742884E-88
