     0     0.00000000000000000000E+00
     1     3.79566555890486877158E-13
     2     3.69574592140344468450E-21
     3     3.00677023183162634053E-14
     4     8.19546027338400114891E-13
     5     0.00000000000000000000E+00
     6     1.44136176519689499535E-12
     7     1.19001049170429992121E-14
     8     9.60485159922177238442E-18
     9     2.27606443840581122757E-09
    10     2.68329429542379807649E-09
    11     2.25152804554408754156E-11
    12     2.40948538492042495322E-10
    13     4.19100988516658878893E-10
    14     2.79611976538415243841E-07
    15     7.99105549249236959974E-06
    16     1.77317054771813966134E-05
    17     3.28702640376630784342E-07
    18     1.95358254051513960709E-06
    19     9.29162999136055329358E-06
    20     2.32483556141848287017E-06
    21     3.17189611006614368256E-06
    22     8.79815949945043971959E-08
    23     2.25348789185603470085E-06
    24     1.74351088664883725397E-07
    25     9.04205032439994334463E-07
    26     5.42295006350482296879E-07
    27     3.32799178010271649163E-07
    28     1.21742606907832344004E-07
    29     7.09206648380226895468E-08
    30     2.18730932511193006018E-07
    31     5.06263968690338075028E-08
    32     3.55817950494689390650E-08
    33     3.76124560639913135735E-08
    34     1.44015342850321346871E-07
    35     7.22617000372107868293E-09
    36     6.59544894191959404253E-08
    37     1.59779499718010487750E-08
    38     4.46004104853878189128E-09
    39     1.97802180167451489634E-08
    40     8.13432343128731292539E-10
    41     6.85041513891558303858E-09
    42     2.82877342457064590547E-09
    43     5.70254874559646837253E-09
    44     7.35948652827156474922E-08
    45     2.55728601150123230949E-07
    46     3.22100830851931496519E-08
    47     7.93117978627049035961E-08
    48     5.21668159824477655115E-07
    49     7.08982777446879840869E-08
    50     7.75011892886375652705E-08
    51     3.72698599029650119222E-07
    52     1.43569629758283255715E-07
    53     2.99282751673225195081E-09
    54     7.19970844206149520753E-09
    55     4.89194048508450555058E-10
    56     7.04523164007426752745E-09
    57     2.36462300247438297577E-10
    58     8.48385128561256038986E-10
    59     1.54715268765664759364E-10
    60     2.31564399100449982398E-10
    61     3.03728616923658173890E-10
    62     2.85933015696962814673E-09
    63     1.78907762225170839663E-09
    64     1.02794410727853183662E-08
    65     2.04558462275851518688E-09
    66     6.87605803594729258085E-09
    67     1.53988131742870388371E-08
    68     1.63845106827459739456E-08
    69     6.47367706183723354672E-09
    70     1.05883799037717522669E-08
    71     1.39459992160820861841E-08
    72     7.50430529045888714912E-08
    73     3.11801013666124968663E-08
    74     7.27742010587040832018E-08
    75     6.54163342004042917195E-08
    76     2.54834670838826639847E-07
    77     5.33548610887958293845E-07
    78     1.06908128447118466946E-06
    79     2.17081293337622857595E-06
    80     2.00343875030217002118E-06
    81     2.17717732964639076394E-07
    82     2.79392414204797039774E-07
    83     6.30351527643971154850E-07
    84     8.30240330281642035963E-07
    85     1.64686049207929557413E-07
    86     2.02807468201406436498E-07
    87     3.51716098665745300412E-07
    88     2.53597524275409440111E-07
    89     1.85996739734545119645E-07
    90     3.60550523013352019079E-07
    91     5.08958738790010795872E-08
    92     9.79282234330299110362E-09
    93     1.78781537255755517373E-08
    94     2.13923797555131505433E-08
    95     2.45803408599248531586E-08
    96     3.49850650047423483550E-08
    97     5.90627217461689169840E-08
    98     2.58822656461233808974E-08
    99     7.22897275646987273147E-09
   100     7.52494939530790396946E-09
   101     3.04674099247779114415E-08
   102     2.55840401948356721211E-08
   103     5.67657238378005722831E-09
   104     1.51512838406426878681E-08
   105     6.16815317256609531150E-09
   106     1.78069391195838027717E-08
   107     2.06709866940720309886E-08
   108     3.62780078602424273055E-08
   109     1.88984859334650269286E-08
   110     1.14131625307819232976E-07
   111     7.61422932043262095038E-08
   112     5.73971858161027965037E-07
   113     2.06248517394134625534E-07
   114     6.64892566837459818018E-08
   115     6.29710621818394599287E-08
   116     1.34483236366817818307E-07
   117     4.64750798952973209678E-08
   118     1.59401292354799826831E-07
   119     1.08771240985533222300E-07
   120     2.54074438776241218967E-07
   121     2.00429342821116462924E-07
   122     3.07874435292874728423E-07
   123     2.02112057062674666202E-07
   124     2.16774187218431661449E-07
   125     7.93045265778653618771E-07
   126     1.03936225772284239825E-06
   127     7.56640755898873116757E-06
   128     2.63365042688564919213E-04
   129     2.67827976519704124506E-04
   130     1.08796471442006528231E-03
   131     1.02774995034841945475E-04
   132     6.43136360437900869887E-04
   133     2.37835584043117351325E-04
   134     4.07175042909181772563E-05
   135     1.86314922613104477669E-05
   136     1.54688826840670753796E-05
   137     1.84761165795017527928E-05
   138     3.15336418610823418268E-05
   139     3.29604178601124821313E-06
   140     3.28049573004191685050E-06
   141     1.16826202197071360720E-06
   142     4.56068560024790058142E-07
   143     2.05514837960914186377E-07
   144     6.32035320740110552994E-07
   145     1.09165413282086377649E-07
   146     3.13583578006425792324E-07
   147     5.80651275776980709498E-08
   148     7.80123443202908511904E-07
   149     2.21760758894797206559E-07
   150     2.73258142083561054005E-07
   151     3.51751766799298151040E-07
   152     6.77592018825383562002E-07
   153     8.12598021143992085503E-07
   154     1.77594386855871321063E-06
   155     1.77162751540965221317E-07
   156     3.80645927238712048622E-07
   157     6.65073919887767966928E-07
   158     7.40449824123602898821E-07
   159     1.08615502934688148530E-06
   160     5.54477379321820411178E-06
   161     9.74567071169360254478E-07
   162     2.33766771263624398698E-06
   163     5.05306948356291215713E-06
   164     1.46779016145970233730E-05
   165     3.45944574931895333617E-06
   166     8.31943429290389660751E-06
   167     1.33393287033138730971E-05
   168     1.40185426305252285793E-05
   169     2.29175703764630854867E-05
   170     4.80610172303873230820E-05
   171     5.01589389242172159819E-06
   172     1.14226458821063262580E-05
   173     1.94369110277016842836E-05
   174     1.31423829614374883582E-05
   175     1.44855907319460267490E-05
   176     1.36537839855109568153E-05
   177     6.90800596282234108874E-06
   178     3.80358576661575810396E-05
   179     1.53427971978549465429E-05
   180     7.29570607370250349250E-06
   181     6.71721899836565091238E-06
   182     8.56605732731871639713E-06
   183     1.83857155417220074363E-06
   184     8.16585279846791975390E-06
   185     2.03833663057062505750E-06
   186     1.63923091929236606777E-06
   187     1.74757485081285457409E-06
   188     1.32802875341761566207E-06
   189     1.34020632290424955331E-06
   190     2.20383463070313562369E-06
   191     1.99838231849094603615E-06
   192     2.23614268030339141750E-06
   193     1.69767486195439822324E-06
   194     2.09307253368401217811E-05
   195     3.83158947746300553852E-05
   196     4.99390118066256479511E-04
   197     2.29125631525060489621E-04
   198     4.56204693662985217607E-04
   199     4.83661989704847186319E-05
   200     1.20201743252366242189E-05
   201     1.08792918145131913430E-06
   202     2.18103755468731431879E-05
   203     8.15122740670474970985E-06
   204     2.13984937606715298384E-06
   205     9.39411047031550923848E-07
   206     7.64187470625828998039E-06
   207     5.58011336250813604737E-06
   208     5.18493502438618106233E-06
   209     1.40331449347685533302E-06
   210     2.47617332711730265025E-06
   211     1.51123539960748886409E-06
   212     2.69358029825809838236E-06
   213     1.11675588571742420501E-06
   214     2.95456993874895929651E-06
   215     1.59872109541188820663E-06
   216     4.23854204600801420745E-06
   217     4.21939814757341329874E-06
   218     3.78741664533522437493E-06
   219     6.79978452084576521380E-06
   220     1.44655693076877545245E-06
   221     3.31007352668519096958E-06
   222     6.76329928775195663554E-06
   223     1.83285381233997765248E-06
   224     1.62649705138862143571E-05
   225     1.79400238132098922849E-05
   226     9.36307707926235548623E-06
   227     2.64011877784231142213E-05
   228     1.71209760614443275888E-05
   229     4.54206700524493794859E-06
   230     3.63460462287562769594E-05
   231     4.09988687921769765746E-05
   232     1.45700392306223545485E-05
   233     3.43648099205211442404E-05
   234     5.87837635384754565509E-05
   235     1.03862551401017594570E-05
   236     2.09903877153448392169E-05
   237     5.11113410158697909630E-05
   238     3.81770315176179736547E-05
   239     2.99249120060194649467E-05
   240     1.31593501308938763011E-05
   241     1.41553994645948549250E-05
   242     7.74290174172474709687E-06
   243     2.84968167457697239584E-06
   244     9.21655694307109842978E-06
   245     8.87261327004439896766E-07
   246     1.17510874850580906298E-05
   247     4.60679368198488495116E-06
   248     2.12856252225750779638E-05
   249     4.00278933247999379129E-05
   250     2.47896455967556774975E-05
   251     3.35506731219811977530E-05
   252     1.01484219934384268711E-04
   253     1.23805201550209137504E-04
   254     3.02237419849645975534E-05
   255     1.77837121536381156798E-05
   256     2.83899923341669853589E-05
   257     2.64082483990518873028E-06
   258     1.07912641888050934096E-05
   259     3.50765163669049426877E-06
   260     1.93611936331749676825E-05
   261     6.03262335520213908996E-06
   262     4.30049471423257271782E-05
   263     3.62665275388063479628E-05
   264     1.70074341256813319715E-04
   265     1.97677759748940434390E-05
   266     7.09920600343237199324E-10
   267     3.75079164622181611892E-11
   268     1.04215562301186235937E-08
   269     4.49547810536162165645E-11
   270     8.29852559300048240884E-07
   271     2.72285680093887001068E-10
   272     1.38405354861073721021E-11
   273     1.04168950238712413998E-13
   274     1.43382664579392049377E-17
   275     5.53229575434574837465E-20
   276     1.72380162092533135822E-21
   277     4.26888536674359842331E-26
   278     2.45521396539725057185E-26
   279     6.09817134567055849696E-32
   280     5.77173350629627214004E-34
   281     7.07927262734400956671E-39
   282     3.80012701953594114803E-45
   283     3.54460667147374902108E-49
   284     7.37656191554380797202E-54
   285     3.70126474129890699432E-44
   286     2.20938226681364410538E-52
   287     3.73713954583451875383E-58
   288     6.49845781197695705506E-66
   289     8.16188888916872171673E-65
   290     4.01795328236409249737E-55
   291     2.15320401775570366298E-52
   292     1.34181962479656033686E-43
   293     3.46610926169191040252E-41
   294     2.00624748854584372347E-35
   295     6.56684211819666931317E-28
   296     1.73831220707130119775E-37
   297     2.18848943979004779429E-47
   298     2.69293937406225087443E-55
   299     2.82916110646137124018E-66
   300     1.46570982784821491836E-73
   301     2.54036955517985232405E-83
   302     1.67973091309556094969E-91
   303    3.17804168538691299838E-101
   304    1.48677073851480621823E-107
   305    2.73905841785713274644E-102
   306     1.75387508317554019767E-90
   307     1.79102101897207449974E-84
   308     9.61232389628772123364E-74
   309     1.90435318190816231258E-68
   310     8.70002788205372879102E-60
   311     9.14763794909862168338E-56
   312     3.71260524636919760076E-50
   313     9.82873225041105086070E-49
   314     7.16920852778262103798E-44
   315     3.08256729074445302509E-43
   316     3.97663901828071328701E-39
   317     5.10293699801389745546E-39
   318     3.45957374052662544402E-35
   319     2.11923704224062923205E-36
   320     7.72212951187906251368E-33
   321     8.19706102030062398174E-36
   322     3.31273418839547121891E-33
   323     2.79046137336678700358E-36
   324     1.48176780851583705449E-34
   325     6.59182309360671276536E-39
   326     1.06970249873531411519E-34
   327     3.06367037639196495175E-40
   328     9.78676220373658584898E-41
   329     2.54759687078726026843E-32
   330     9.41780066399721550564E-39
   331     1.83707957623539601493E-37
   332     1.00522145726877245116E-31
   333     1.57411742429397627749E-48
   334     3.33702100335888445832E-57
   335     8.97712170818171572464E-64
   336     1.95927416561367518451E-72
   337     2.24646839315751159836E-79
