     0     0.00000000000000000000E+00
     1     8.98165367686154736404E-01
     2     2.17804927518007368710E-14
     3     9.70114836874275052969E-10
     4     1.30143115455250464093E-06
     5     0.00000000000000000000E+00
     6     1.12900681758656900832E-11
     7     1.65888632773801816231E-15
     8     3.98786417140873559474E-16
     9     1.06240409309384585128E-14
    10     4.27400872577948802811E-13
    11     3.93150749315961858722E-15
    12     6.62757263729726871396E-15
    13     9.49471861930366046617E-13
    14     7.31354623817450552955E-13
    15     3.84736887968216076516E-14
    16     1.39339847290428039121E-12
    17     2.56523648606002847479E-12
    18     1.11171861562787956312E-11
    19     8.91443425029773363933E-09
    20     2.42643570417774436304E-09
    21     1.19113676911684510549E-14
    22     3.40336901930949926238E-14
    23     7.13333809074430518699E-14
    24     6.44191745774486786353E-13
    25     8.35928173035050362753E-15
    26     2.97855145304860574715E-13
    27     1.00471113723441284095E-13
    28     8.74162074554615210937E-13
    29     4.80272457671233338611E-14
    30     6.75384554369565225131E-13
    31     9.53831585305676176193E-14
    32     7.51012309491761176217E-13
    33     9.67291134360141353881E-14
    34     8.65712430406240660116E-12
    35     4.12132019117660383657E-15
    36     1.21544215285490873029E-14
    37     6.34269639160638791057E-14
    38     1.22506290105196248659E-15
    39     5.83255563403594122738E-15
    40     2.71118417736556838127E-13
    41     4.48790469118601308464E-15
    42     2.60922217018454854242E-11
    43     9.78503545439756464015E-13
    44     2.15760621509901452724E-14
    45     8.82210715549060582148E-13
    46     4.50427025052235483732E-11
    47     6.75634553260448138279E-11
    48     1.34021457381522614546E-07
    49     1.26184629588101819785E-12
    50     2.73905981897722950691E-10
    51     1.14759358649436881708E-17
    52     1.14802661682124070672E-09
    53     1.52808602803225559881E-11
    54     1.22198157801430745748E-17
    55     2.77962540254119570329E-15
    56     4.64064827300728518733E-16
    57     2.73507344246490451313E-09
    58     1.67724932070134025210E-15
    59     1.01438216980532481632E-09
    60     1.20309934552983673611E-17
    61     8.63588600420886743620E-09
    62     4.20834151001213714116E-11
    63     1.54336619244341718263E-14
    64     2.16659880771573624808E-08
    65     3.86688885758577108738E-15
    66     3.25379252715823557439E-09
    67     4.58379678966367595780E-12
    68     1.45045636357464181852E-20
    69     2.22277980366756771996E-16
    70     4.50213513781079227749E-19
    71     2.54292098926018544718E-05
    72     1.76665326466554135688E-06
    73     6.66468972773974649719E-06
    74     3.16366654973632773368E-08
    75     7.68328690346863316161E-13
    76     1.96067265439521756509E-07
    77     1.42495950477540723372E-15
    78     1.35709673288385530384E-09
    79     9.50065574290626946861E-06
    80     1.49361122834174377647E-15
    81     3.10927537691678792294E-04
    82     3.06812309123551644717E-11
    83     5.83056085440947712109E-06
    84     2.83457690397438761888E-13
    85     6.54098135706446890497E-07
    86     2.47288917736721158416E-20
    87     1.22312310006410804655E-04
    88     4.40484763070122039311E-06
    89     1.49522750342075516635E-10
    90     8.28732129716889382656E-07
    91     3.17339375863957516507E-14
    92     1.54016827105348606098E-13
    93     3.70242919046665996887E-05
    94     2.41711821121929055985E-08
    95     2.44636422224766024047E-09
    96     1.32061385532164889730E-04
    97     9.03638407706573261000E-08
    98     6.71290523021910346020E-05
    99     3.88656264615443603576E-14
   100     4.76684782762117563291E-07
   101     9.95093963899418106657E-10
   102     3.10430640669138483959E-15
   103     4.42213441471230768233E-07
   104     3.42708022323825479547E-09
   105     8.59243076834635082612E-06
   106     1.27050472262599765949E-04
   107     1.66186696439825078121E-04
   108     5.29751136192757514994E-05
   109     7.00486313831417543476E-13
   110     1.44467572223330003437E-08
   111     3.41636924622007207682E-09
   112     6.32304514254969719561E-06
   113     9.33147021214841691185E-10
   114     2.93537255075026269389E-09
   115     7.15287973719876267309E-11
   116     1.68632417192000135943E-07
   117     8.61935267472386553358E-07
   118     1.02117698547690833311E-07
   119     4.41594720456428097873E-11
   120     7.74726297828121137420E-13
   121     4.65061460148411540842E-10
   122     6.45279703029327933207E-07
   123     1.06545091138208546909E-06
   124     4.25473348222087073544E-19
   125     1.65621341169652272736E-09
   126     2.54041886230987019002E-08
   127     5.73421480974475186295E-13
   128     3.28167449774124272533E-08
   129     7.65525040855820685996E-12
   130     1.24568556926916769658E-12
   131     2.36040111971820005261E-07
   132     2.63744076084293086127E-07
   133     8.34565336724197927638E-12
   134     6.64258854312742061291E-10
   135     8.65261437355999757875E-10
   136     5.79694944611915840406E-17
   137     2.28122100858022849802E-10
   138     8.13140715905094746647E-09
   139     1.44314862552531433922E-18
   140     2.57486527546119561277E-12
   141     2.86246331559844893433E-13
   142     6.93209982955910087905E-13
   143     1.39969724056348121153E-17
   144     8.22121339069520273692E-23
   145     3.51750544703286365978E-19
   146     4.01449342410562589644E-17
   147     1.43769076439695737714E-13
   148     1.83599611835259830208E-19
   149     4.09965613657811440735E-25
   150     6.22689643216339179274E-16
   151     2.49826350317444046031E-25
   152     2.46092920756991954483E-18
   153     2.43598725457086318942E-22
   154     1.26673082609776032268E-15
   155     5.01012270113606974548E-14
   156     8.29427728282921339673E-15
   157     7.34217151310686549133E-21
   158     3.92233396762413648217E-13
   159     2.11361304556375278773E-13
   160     3.88888636671735864459E-21
   161     2.80013165760679008782E-25
   162     2.13823569160076635892E-16
   163     4.41575954696975625175E-23
   164     2.13932971204749607432E-19
   165     3.92168929252872108443E-14
   166     3.14555966719465726580E-14
   167     9.13563757294185115316E-21
   168     4.69196011826529505809E-22
   169     3.54328823811660393336E-14
   170     2.80943643686190374814E-14
   171     4.17012190021403074281E-16
   172     8.07891433569692265078E-14
   173     4.72815817909402559313E-19
   174     3.77624979567779275016E-18
   175     3.52446700190338725651E-18
   176     9.49536209782026426795E-17
   177     1.11466904228107490644E-29
   178     8.64903852589760748732E-21
   179     1.33040281558374330861E-17
   180     2.86099988752392535391E-17
   181     1.50551912295720909740E-30
   182     9.44388359434741127683E-19
   183     3.99264195937650966437E-19
   184     1.14582958579142889213E-18
   185     2.31358796163911074228E-20
   186     5.16846835373631318813E-17
   187     1.76867401026556919678E-23
   188     5.86368812995116169897E-21
   189     2.70720176559811805148E-25
   190     3.10240223521177022867E-21
   191     8.66745049701246598578E-23
   192     6.36702752267667686440E-23
   193     9.55319576517701991896E-21
   194     5.65066429850162586265E-22
   195     4.72537221099926571002E-19
   196     2.06765697273325651133E-21
   197     1.34331501785882332411E-20
   198     4.41896550115128069984E-20
   199     5.43908306112721745022E-19
   200     3.70820595555618171915E-33
   201     9.55317414456719817830E-22
   202     5.09175735195304612395E-21
   203     2.05006298266294571146E-30
   204     2.74735239910718188980E-19
   205     4.78540432571608498697E-20
   206     5.01072507334110545511E-20
   207     1.89341859396416244715E-26
   208     1.86881457325002644122E-34
   209     1.40425498792619395439E-27
   210     4.92678746783764475690E-26
   211     2.61168725263161522309E-24
   212     1.68334166913062807594E-24
   213     1.57887938365940895772E-25
   214     2.43427316324483064598E-26
   215     4.95909066242182742926E-25
   216     6.12627477208446165013E-25
   217     1.44686106513436763927E-25
   218     2.58852873159398907511E-26
   219     7.32646554125766486587E-26
   220     5.11907376251021031008E-27
   221     9.13232531570107949051E-26
   222     2.76162509803553560223E-26
   223     7.35963820164187078646E-31
   224     1.54246262452952770028E-39
   225     7.76159041018111742517E-34
   226     3.05521448451473174364E-26
   227     1.79800113943432667289E-29
   228     4.88670252242860510332E-27
   229     3.39035091899556924145E-26
   230     1.61703605317229518174E-32
   231     7.93280614577773736480E-37
   232     2.27195756019734735017E-36
   233     1.76093038932362617525E-49
   234     9.04985856004647721062E-44
   235     2.31200420351945633212E-43
   236     4.82466416068164819050E-52
   237     9.93472129166537486148E-41
   238     1.96401900850345236433E-40
   239     7.19310433873030688957E-51
   240     5.82845896108709218442E-38
   241     5.21927486759534820143E-38
   242     3.36935165388804139947E-49
   243     8.00549593611778228293E-39
   244     3.00114888553296867523E-38
   245     1.56188680153734881116E-36
   246     3.80412501527686137357E-43
   247     6.40480322301392737982E-45
   248     8.92924853475407872646E-48
   249     3.99907161920462898657E-45
   250     3.81687308543502702850E-49
   251     8.11060626067570465922E-59
   252     8.44583588874942521565E-55
   253     4.82764883701849366547E-60
   254     6.03772564796460680672E-62
   255     1.03419090130845907754E-61
   256     1.82414381717414594397E-57
   257     5.94759493224830037187E-60
   258     9.61432503633784631755E-48
   259     9.94767909726984596153E-43
   260     1.17405295396129375081E-52
   261     3.42850691604222074533E-59
   262     5.44621339642280891645E-55
   263     3.43684035503287003473E-55
   264     3.80881562934693436763E-59
   265     4.33952399477031279976E-53
   266     1.14184667011329089879E-65
   267     1.64820248105976232064E-54
   268     1.74661320591159057481E-55
   269     1.92585348103096806257E-65
   270     9.44892612518972276147E-64
   271     9.23405488630973347107E-59
   272     3.98479014367488060517E-76
   273     1.64344026586373446036E-72
   274     1.41997305671906155202E-92
   275     2.12625977347491016448E-95
   276     3.50144689509727518191E-94
   277    2.98590598910410372363E-102
   278    2.78239845163762427460E-130
   279    6.18264584519606069603E-130
   280     7.02401381506267514468E-96
   281     3.71453996450467887917E-87
   282     3.30892214596489575131E-78
   283     5.97828314685315426362E-61
   284     2.80507449694186970758E-64
   285     6.61744630576724300528E-75
   286    9.95484015672897648411E-109
   287    1.95540145034485829683E-114
   288     7.88662767212506996907E-97
   289    3.04168368232980309707E-110
   290     2.07754006559726802636E-96
   291    2.75633891624203075253E-154
   292    5.89234240390428162823E-125
   293    2.62393910331488074854E-116
   294    2.17025985718989791797E-113
   295     3.63548800188121246701E-94
   296    2.62380001354468711187E-116
   297     7.03233356724984325963E-90
   298     1.08254177552447693578E-98
   299    1.20967229860369275244E-108
   300    1.39210871674603720846E-107
   301     1.78616843324251577567E-97
   302     1.72698910822233021954E-92
   303     2.96133194003210751492E-93
   304     2.15357257923753712017E-90
   305     1.47182909992673976390E-77
   306     8.04909131949021603016E-80
   307     1.35632467147918529900E-78
   308     1.96644390794441220529E-65
   309     3.86777312639312138172E-95
   310     1.45535093325177284103E-98
   311     3.52802240859878079762E-95
   312    5.29127554019255358677E-108
   313     2.99399989344039023021E-84
   314     1.03260464932948189328E-80
   315     1.16191772199586464918E-76
   316     1.36300636231900318186E-78
   317     3.24634707868033998617E-95
   318     1.15271334567742573300E-89
   319    3.86228195719836152531E-113
   320    2.92889154534176273231E-149
   321    1.69671460088762574797E-195
   322    2.47199435700281193502E-179
   323    3.89115424209525530120E-250
   324     0.00000000000000000000E+00
   325     0.00000000000000000000E+00
   326    1.09898447530753981871E-197
   327    7.32095999243372512945E-186
   328    6.03345474522556759709E-194
   329     0.00000000000000000000E+00
   330     0.00000000000000000000E+00
   331     0.00000000000000000000E+00
   332     0.00000000000000000000E+00
   333     0.00000000000000000000E+00
   334     0.00000000000000000000E+00
   335     0.00000000000000000000E+00
   336     0.00000000000000000000E+00
   337     0.00000000000000000000E+00
