     0     0.00000000000000000000E+00
     1     3.87927984254335660931E-09
     2     6.32545671948472148297E-13
     3     2.16405256860673731151E-10
     4     7.00163373898497434127E-05
     5     0.00000000000000000000E+00
     6     1.54508017068804460581E-13
     7     3.71514707895432372013E-10
     8     6.64024337624151521598E-13
     9     1.97874344175542780052E-07
    10     1.64793587160043378581E-07
    11     1.43307951261950239800E-09
    12     5.22479505628150880492E-08
    13     6.10078343726812448109E-09
    14     3.09572456405115073986E-09
    15     3.13773237029217633311E-07
    16     4.77337141595778321783E-07
    17     1.63210587449138462261E-09
    18     1.00617450593990626302E-09
    19     5.26594452692702930962E-08
    20     9.77520838364742290162E-08
    21     1.01451894990548949066E-08
    22     1.08665004365533900614E-10
    23     3.71133598814131690288E-08
    24     3.11764163288684505807E-08
    25     1.04158976728304016886E-08
    26     6.29093933289657464888E-10
    27     2.10560216953338493160E-10
    28     1.44492747088688262481E-10
    29     8.44047931954827166836E-11
    30     6.59365087997103240901E-10
    31     1.05929154082796292275E-09
    32     6.02166407840049082212E-09
    33     4.47580595366654013082E-09
    34     1.08348804189578900788E-08
    35     3.50106508638558926779E-09
    36     1.16591588490483267765E-09
    37     2.19854258212054745370E-09
    38     5.23948697831737862208E-10
    39     2.62389733562138792496E-10
    40     2.24992697429865843573E-11
    41     1.16483156179147423851E-10
    42     1.26061043894430655409E-09
    43     2.51544252178833657519E-09
    44     3.10264425284606509299E-09
    45     4.50657421937546443186E-09
    46     5.57721821792472526353E-09
    47     4.34308259441844109486E-09
    48     3.54369933818029119317E-09
    49     2.66111314896220089866E-09
    50     4.69781085604293673426E-09
    51     3.77653285241584680695E-09
    52     1.01229660817214560719E-09
    53     5.07092709392648972390E-10
    54     1.49039911405267231293E-10
    55     2.09614077136935415855E-10
    56     1.20893205716872475856E-10
    57     9.43460559106215067890E-11
    58     8.62603898323692770040E-11
    59     1.13659479662079305643E-10
    60     1.24845362488088013230E-10
    61     1.10733180378385087958E-10
    62     3.42490537283095499200E-10
    63     4.86924725937731405630E-10
    64     4.64395045687800339577E-10
    65     6.82485897095924403712E-10
    66     3.30226092936401260723E-09
    67     2.10122858172859373015E-09
    68     2.82729906348048019476E-09
    69     2.14387719563850760025E-09
    70     2.61442991659794727077E-09
    71     2.26871930562944319542E-09
    72     4.51903493861843667449E-09
    73     3.62128343861047321114E-09
    74     8.11536999583961969880E-09
    75     7.02769970774772470017E-09
    76     9.17890476731368522303E-09
    77     5.87659101354050054850E-09
    78     5.27601643363780153798E-09
    79     4.37674952385965631548E-09
    80     2.38398264770550391622E-07
    81     4.09334118578148779300E-07
    82     5.24660890164781511774E-07
    83     6.90166335860338496568E-07
    84     3.49205319830315112552E-07
    85     1.77694130375822137435E-07
    86     4.23991496839316173307E-08
    87     2.12737772689635838064E-08
    88     6.12397224853392513322E-09
    89     2.87428575231049856516E-09
    90     1.44625899783600516828E-09
    91     6.09773619755390337422E-10
    92     3.71515815353227726472E-10
    93     2.94717486027914296114E-10
    94     3.50719036481601811214E-10
    95     1.37727929817312721660E-10
    96     3.30276745390298655336E-10
    97     1.07134901316023935478E-09
    98     9.56991963597409130373E-09
    99     2.42954668796753800182E-08
   100     1.30631475366302497759E-07
   101     2.83161340280512793908E-07
   102     3.88866356508061085780E-07
   103     7.85173844164131060022E-07
   104     9.86699785123804005204E-07
   105     1.14981535257332249166E-06
   106     8.11436677591553868969E-07
   107     5.63159121578058173540E-07
   108     8.61407932889522447301E-07
   109     7.72571861604436586444E-07
   110     1.55713103651404186953E-06
   111     1.01679084406552793018E-06
   112     1.44308953255656452778E-06
   113     9.47630567582288949625E-07
   114     1.23451970773161328841E-06
   115     2.05345981709160168026E-06
   116     8.35869662886167746690E-07
   117     6.86292181664025348090E-07
   118     9.37887073500664300104E-07
   119     7.34491834668265734036E-07
   120     9.72342711940842928948E-07
   121     1.58110037166504025458E-07
   122     1.99249744397649263904E-07
   123     1.43727931838949224950E-07
   124     1.26787116352119860973E-07
   125     1.06109218890437162848E-07
   126     1.97606074949049575421E-07
   127     9.92989801690869313541E-07
   128     1.48096489243633208763E-05
   129     7.01221035886513189596E-05
   130     7.56545527428680280712E-05
   131     8.91497023677498946033E-05
   132     8.56469732898447770261E-04
   133     5.43273376473630523371E-04
   134     7.38954257068247439590E-04
   135     8.25755416516958033572E-04
   136     4.85111683273535445726E-04
   137     2.83612285279640169520E-04
   138     1.30566821673699955857E-04
   139     6.43694616098975839298E-05
   140     4.01341074705473732295E-05
   141     1.26671495207173550424E-05
   142     5.16410912697986856809E-06
   143     1.58177845193409492359E-06
   144     2.25397046182166032409E-06
   145     8.72273752948053980728E-07
   146     2.16108566515657947508E-06
   147     1.69664248259821631219E-06
   148     3.51687196093103922128E-06
   149     3.19859422284372207340E-06
   150     5.61645456692421127682E-06
   151     3.14261377867548124125E-06
   152     9.66045086595636800521E-06
   153     3.87880062890914945262E-06
   154     9.07524204736588150093E-06
   155     5.35648533196694202880E-06
   156     1.32660603383918618373E-05
   157     6.80664559414786250334E-06
   158     1.29912394496007128810E-05
   159     5.63859756851917801084E-06
   160     1.07745557227672206712E-05
   161     7.75721853361512742302E-06
   162     1.87225677159615399366E-05
   163     6.43813343690714177643E-06
   164     2.05233867513939344750E-05
   165     1.17180330754650643868E-05
   166     2.37632529912574558999E-05
   167     7.53553772370652187048E-06
   168     5.46062994475426206550E-05
   169     2.38080941868338995303E-05
   170     3.02236909230396964029E-05
   171     1.56580851174247846574E-05
   172     4.15287867928300718731E-05
   173     2.64901652863132977295E-05
   174     2.87645584207462430158E-05
   175     1.25540708857396257332E-05
   176     3.38257718878341563195E-05
   177     2.10524305238006757812E-05
   178     3.39103393700609218563E-05
   179     1.62594255021714522737E-05
   180     1.98624178930679119086E-05
   181     6.94637414651434055536E-06
   182     8.24721866613613444682E-06
   183     2.40014094298186002514E-06
   184     8.73930270355438356951E-06
   185     3.93332228685588597639E-06
   186     6.28584198610000544272E-06
   187     5.32549337264829718015E-06
   188     6.70696138282477144157E-06
   189     8.35414674590895596398E-06
   190     2.35668525677784648190E-05
   191     1.22308212703214466070E-05
   192     3.88585540900680101906E-05
   193     2.02781097823573869092E-05
   194     5.35741297779504497298E-05
   195     1.04741103679359021951E-04
   196     2.63266359012011101886E-04
   197     2.38809644726953096200E-04
   198     1.77683211341653771653E-04
   199     2.49639610074819980469E-05
   200     3.06945755893049728054E-05
   201     1.63765270119010220578E-06
   202     3.06873775845114532055E-06
   203     9.92943845365074132637E-07
   204     1.85422390828901217265E-06
   205     1.03421508394245328339E-06
   206     1.94010451909977566008E-06
   207     2.48211372062028405762E-06
   208     2.50496837587969654776E-06
   209     3.71149496140110715176E-06
   210     4.88535877308957554256E-06
   211     2.46992930339214486300E-06
   212     3.72988000750212289513E-06
   213     2.56798239019841078177E-06
   214     3.51592417076810417976E-06
   215     1.53213536319536070573E-06
   216     2.52958693059976890484E-06
   217     2.61357299781458739225E-06
   218     1.24325908439413866056E-06
   219     8.71291948243886131216E-07
   220     3.09097582641810806985E-06
   221     3.89800638532844757813E-06
   222     4.32633892927088416035E-06
   223     2.94057090835149642332E-06
   224     4.72989129287182008164E-06
   225     5.95649403978053465015E-06
   226     9.59097110088349002631E-06
   227     4.75127644133784345792E-06
   228     7.86582535263540662881E-06
   229     4.22518754044707915121E-06
   230     5.03164890422499627877E-06
   231     3.08831167115004704050E-06
   232     1.23815164205857688252E-05
   233     3.91232374115135234099E-06
   234     6.36426050829228448480E-06
   235     3.93477501851145862385E-06
   236     5.20731313637646072356E-06
   237     4.39088329261532170952E-06
   238     8.37714021067329354963E-06
   239     9.37792603215022978213E-06
   240     9.18902987351389306087E-06
   241     5.00698053379164470864E-06
   242     6.84585747713300003288E-06
   243     2.37627021987931515579E-06
   244     2.86847050960644785270E-06
   245     4.61599843945080818289E-06
   246     1.08075965077227315086E-05
   247     4.72463840398983858990E-06
   248     1.06991722847058315268E-05
   249     1.01131670363734460987E-05
   250     8.93412087978688574351E-06
   251     4.33668666482959532378E-06
   252     3.57526543588612348744E-06
   253     2.13865793979709479882E-06
   254     1.09722001227170506331E-05
   255     9.50252897792870010387E-07
   256     1.39638440624929223454E-06
   257     6.54302782136038190949E-06
   258     2.09500127526635493519E-06
   259     5.50504383680292709992E-06
   260     9.32079910772005764633E-06
   261     6.34648200236648814645E-06
   262     3.91735889024043424311E-06
   263     4.27864589282100704149E-06
   264     7.97434540060737723363E-06
   265     3.27749029906511907359E-06
   266     1.30845996172702685572E-05
   267     4.09594361248760071176E-06
   268     1.70506583628036839358E-05
   269     6.81760515874316302265E-06
   270     2.16161236469705286909E-05
   271     2.75157947429453021433E-05
   272     2.38193066156586883060E-05
   273     2.10594005703419849681E-05
   274     2.90115635996642127136E-05
   275     1.76074438845163111804E-05
   276     1.39885326118905117977E-05
   277     3.75986114921860161285E-06
   278     1.05868489659217917235E-05
   279     1.85116793019639039310E-06
   280     1.58447986239147569222E-07
   281     3.42782118961653270074E-10
   282     5.13684585208787476549E-11
   283     5.76919924426303278630E-12
   284     6.58488957598282728155E-15
   285     1.34135283732429807136E-15
   286     8.45415267068690302210E-21
   287     6.42065513345631353394E-23
   288     4.52321406647828817466E-25
   289     1.55782486986910158560E-26
   290     4.75022962625728121202E-31
   291     2.94111274493295159404E-33
   292     7.48036423226511028281E-35
   293     4.49170765473394871398E-36
   294     1.41669983998902101400E-37
   295     1.73843501227335806269E-39
   296     1.52646768851934563925E-37
   297     5.42082183728480786831E-39
   298     3.26047821201845079647E-39
   299     1.31398457886702247310E-38
   300     6.89315240468531094963E-39
   301     1.06792359568732412553E-38
   302     2.84740347701001952280E-38
   303     1.66400656912575923814E-37
   304     1.21434464350646216105E-36
   305     7.75857156985341895409E-36
   306     2.65359999538045274406E-36
   307     5.41161365745279265757E-37
   308     1.62637545898485316999E-38
   309     4.75941940437524324899E-39
   310     2.05237240177868468974E-40
   311     7.22496271064984794298E-41
   312     1.25761739715756202639E-40
   313     6.51045830992718753630E-41
   314     3.38250204890221485570E-39
   315     3.31882895908695994086E-38
   316     2.38269054209735908705E-37
   317     8.63786967658086162332E-38
   318     5.53698769451414727540E-37
   319     1.41227565292996515996E-35
   320     6.74504975734922122558E-34
   321     3.28401115784235356587E-33
   322     1.28649109438944291968E-32
   323     3.03335239993139661391E-32
   324     1.68046263425480344528E-33
   325     7.51799242962503391709E-33
   326     4.22979799160960245381E-34
   327     1.18932199426560213385E-33
   328     4.15483956362406497939E-35
   329     5.31666148897787187234E-33
   330     8.31291110667223761278E-35
   331     1.58083677670530414997E-36
   332     2.35270448891944444813E-36
   333     3.56304793184262370775E-37
   334     2.41731524109177640125E-38
   335     1.92253545542629635930E-38
   336     1.65832883440929396688E-39
   337     2.60042672945627252396E-37
