     0     0.00000000000000000000E+00
     1     3.85202842585017424977E-13
     2     6.11806655518500304333E-21
     3     3.41641169700416881681E-14
     4     7.85344420428392770813E-13
     5     0.00000000000000000000E+00
     6     2.20634975357993635490E-12
     7     1.26605520399615349729E-14
     8     1.09451048132532778904E-17
     9     2.59371110692462304250E-09
    10     2.43583387780921811379E-09
    11     5.42167877415290081026E-11
    12     8.65616426110008194314E-10
    13     1.23452555150140385010E-09
    14     2.53995584358468836380E-07
    15     7.93488529915881123653E-06
    16     1.82712108640950702317E-05
    17     2.76127522331595911457E-07
    18     2.30231217284898246456E-06
    19     1.04197214702262870871E-05
    20     2.46478860829084683141E-06
    21     2.46841283200152965071E-06
    22     6.61061102548590833025E-08
    23     2.45599421259612573799E-06
    24     2.05006874176583681778E-07
    25     9.61616059389248434137E-07
    26     4.19323083317290374924E-07
    27     2.60899565366790859694E-07
    28     9.75482912156275539650E-08
    29     5.21660264384071478107E-08
    30     1.41670431678360813880E-07
    31     3.51468287688638848074E-08
    32     2.42543219416928493293E-08
    33     2.64473881265907314224E-08
    34     1.25765786536647498315E-07
    35     7.32115527520155922429E-09
    36     6.52532146185345641560E-08
    37     1.99216571217710491503E-08
    38     4.30624851348012034647E-09
    39     5.87390470694927977848E-10
    40     8.14422909707398820262E-10
    41     2.44618241558505743248E-09
    42     2.40733958272585198135E-09
    43     6.38143701200028604557E-09
    44     3.16498193587526660707E-08
    45     1.35681643814629856325E-08
    46     3.09163058651052670099E-08
    47     1.57924579568509073255E-07
    48     2.22296649206279038001E-07
    49     3.01181758066745123096E-08
    50     1.52583885882233589840E-07
    51     1.02035965534155828558E-06
    52     5.02250177522318718791E-08
    53     2.03406865202405199281E-09
    54     8.40831410771049934811E-08
    55     7.59856283630752499874E-09
    56     9.38967555316056283516E-10
    57     2.62767933020846436392E-08
    58     1.64872443796241669720E-10
    59     7.62636819711902406561E-09
    60     1.67162760818793109320E-08
    61     5.83254860722932948056E-09
    62     2.52688912635294227403E-09
    63     2.86302571005592864310E-08
    64     2.75607901497814286453E-08
    65     1.19754882781419490247E-08
    66     2.61849967928610059998E-08
    67     4.43977944089910087888E-08
    68     6.98552727028319769799E-09
    69     2.32755276220551673624E-08
    70     2.92655504158011393258E-08
    71     3.06093042115910112878E-08
    72     1.31529571163273322585E-07
    73     6.35676526166948826942E-08
    74     5.83984957566234762904E-08
    75     1.44321049977364032259E-07
    76     3.35386971615827225896E-09
    77     6.78693629903184170785E-07
    78     9.55312264135629883100E-07
    79     2.11178221357019633056E-06
    80     1.88617529316515818098E-06
    81     6.30291467611380194567E-09
    82     2.25050008069722322038E-07
    83     7.01846952435726198064E-07
    84     6.28298796103742829800E-08
    85     3.10649319572327043739E-07
    86     4.50534225592931981831E-07
    87     3.52379327328720864105E-07
    88     2.27976621286959739757E-08
    89     1.31458886074012173401E-07
    90     2.37590803472616697041E-07
    91     2.59054288365502992486E-08
    92     5.28698132367742162709E-09
    93     1.13173001308095622372E-08
    94     1.28653510470156464610E-08
    95     1.41238887262856662742E-08
    96     3.60291598621304362336E-10
    97     2.28331413839282368369E-08
    98     1.69328852071531038578E-08
    99     3.44168625851298673879E-09
   100     3.78121545704945909857E-09
   101     1.53644365456729029013E-08
   102     5.48333843192166344571E-10
   103     5.05283047475348524703E-09
   104     2.04729618924235816394E-08
   105     7.72017182903654997555E-09
   106     6.79824679324622347570E-08
   107     5.07662283469376998790E-08
   108     5.27292351878012489480E-09
   109     5.95383467812232828609E-08
   110     3.01921731191464305662E-07
   111     1.43881495111280500664E-07
   112     1.05639730807338538476E-06
   113     3.78806370759024373990E-07
   114     1.00589287113361434030E-07
   115     1.00012081428992937184E-07
   116     1.91124989370115068671E-07
   117     7.67671219329673686138E-08
   118     1.49909106664642358416E-07
   119     1.65753957946281140368E-07
   120     3.76039021057435947466E-07
   121     2.68674780628397555399E-07
   122     3.90853647790919956378E-07
   123     2.47703230669450787668E-07
   124     2.79284992317863036445E-07
   125     5.99222867970280435540E-07
   126     8.44906798431484663143E-07
   127     6.00449109113505923404E-06
   128     1.86752325754044009361E-04
   129     2.78035986169997595581E-04
   130     4.87288368814605050462E-04
   131     2.01124367756530124428E-04
   132     9.26495837585981094411E-04
   133     2.23046173064287773158E-04
   134     5.78356655517994747346E-05
   135     9.61616891100084356656E-06
   136     1.25920191565475817321E-04
   137     8.52806120712896987505E-05
   138     1.92211316342046701136E-05
   139     2.45135017302881472022E-06
   140     2.67042145564093455349E-05
   141     5.01046926765627449729E-06
   142     1.09119185743163828088E-06
   143     3.85597960223209933727E-07
   144     4.21532284570814977211E-08
   145     2.08782126828402249298E-07
   146     1.16698039619791543404E-06
   147     1.30607864658193605786E-07
   148     1.46314588330371924439E-06
   149     4.67746888909959160776E-07
   150     5.67097287790512921477E-07
   151     1.16452929191711781150E-06
   152     1.31826798709775899910E-06
   153     1.17408667596595442331E-06
   154     3.01558126795271036396E-06
   155     3.67079328677873241090E-07
   156     8.26889432905459975357E-07
   157     6.94193793067786768710E-07
   158     1.10705017212876535839E-06
   159     2.79777141523758203731E-06
   160     1.50448276088812087412E-05
   161     2.89065862141962927930E-06
   162     4.95897498235558989845E-06
   163     1.16256245338790220703E-05
   164     4.50894011490112067296E-05
   165     1.63096182382304589976E-05
   166     1.37044451546860040722E-05
   167     2.39220915278503375590E-05
   168     2.23653240999597944681E-05
   169     2.00235370483603840818E-05
   170     6.00423702169845699243E-05
   171     7.07312606515150464165E-06
   172     9.23454746924198671134E-06
   173     1.91597922032000671851E-05
   174     1.33116030693989099222E-05
   175     1.42265348920134542882E-05
   176     9.53146234297530180418E-06
   177     6.84389359384617466313E-06
   178     2.68992988040185402839E-05
   179     5.01225744268345887035E-06
   180     6.39691448979643040155E-06
   181     1.42768548498760502411E-05
   182     1.62889070780283888020E-05
   183     1.36360556511804708911E-06
   184     2.76392583904621342412E-06
   185     4.24555232169288693167E-07
   186     9.90914028456080626139E-07
   187     1.33446705142835547423E-06
   188     7.79018231489561471016E-07
   189     4.87723852273739369274E-07
   190     4.58234095803241369828E-07
   191     8.46338871641985038787E-07
   192     9.40741185324179681245E-07
   193     1.76041713939578009664E-06
   194     2.15531673586518919322E-05
   195     4.69162532917347300620E-05
   196     5.48004550381681249972E-04
   197     2.44178525326645742138E-04
   198     4.46988539166416208766E-04
   199     4.47781463731856030331E-05
   200     6.40717535777817902461E-06
   201     1.12065292476412815344E-06
   202     2.56810209944154620165E-05
   203     9.10639503349645940188E-06
   204     2.98159480141903191489E-06
   205     8.41446339756796689471E-07
   206     8.30075057455331904771E-06
   207     5.33690686463362131098E-06
   208     5.30734794964534695725E-06
   209     1.03556115430938491882E-06
   210     2.00924889351996089249E-06
   211     1.15870203338308831461E-06
   212     2.43879743344035734769E-06
   213     1.12082770129837999180E-06
   214     2.61085265808512328041E-06
   215     1.96603408577653119708E-06
   216     4.39128936201512371830E-06
   217     4.42894528597577508605E-06
   218     3.50316959652902968567E-06
   219     6.24336374570854507458E-06
   220     2.78813086476560404706E-06
   221     2.11053707241714526819E-06
   222     7.58821376338679811513E-06
   223     1.66163778771618400010E-06
   224     1.00351637026599224277E-05
   225     5.65073939477399364014E-06
   226     5.44212416485383286856E-06
   227     1.65502418866147172857E-05
   228     1.04426846174704696086E-05
   229     9.18643282217060566229E-06
   230     3.57712160037190618901E-05
   231     1.11242670295580541989E-05
   232     1.06849621986371302060E-05
   233     4.29563793068598944748E-05
   234     3.99463143101187983901E-05
   235     5.30651582962763920180E-06
   236     2.35510830969500992887E-05
   237     4.20014519076062251240E-05
   238     2.56281829730451210969E-05
   239     7.71927000866792400373E-06
   240     9.39030457499450771581E-06
   241     9.84732143872380213186E-06
   242     5.55825146346929649800E-06
   243     1.14411174348119267766E-05
   244     6.72094020065398781199E-06
   245     3.00184058656575262843E-06
   246     9.17187447366604853506E-06
   247     1.21447332324801302604E-06
   248     1.99388274758715090590E-05
   249     1.32376096808057583745E-05
   250     2.48762808069187844667E-05
   251     4.82758378521017930338E-05
   252     7.98533331052010247322E-05
   253     6.65402081735182962963E-05
   254     2.44859844343162845687E-05
   255     3.32601715077952670937E-05
   256     2.92658043460883833466E-05
   257     4.17642411640163609750E-06
   258     1.56794975400054112131E-05
   259     4.52224002274987594007E-06
   260     2.56591521736270889288E-05
   261     9.84399202832506709480E-06
   262     5.78855409576454918528E-05
   263     5.62001785487753848826E-05
   264     1.87337124660384973102E-04
   265     8.47494083253644308511E-05
   266     1.85477400700328411367E-08
   267     2.38268323416364877074E-09
   268     1.18390340331832031812E-07
   269     8.21814172094810234708E-10
   270     1.17332552494027749054E-05
   271     8.26345877617063049274E-09
   272     5.85057023839683321613E-09
   273     1.54517870256712399387E-10
   274     3.05062343008590812039E-13
   275     3.93375197488517430681E-15
   276     8.69232015073120264715E-16
   277     1.01916809085037044253E-19
   278     7.35203076915381454271E-20
   279     2.96329596644248975240E-24
   280     1.85416370901611684464E-26
   281     4.75752727243454542845E-26
   282     1.10140055697167236201E-35
   283     3.20132358138151095623E-39
   284     6.97621731358684534057E-43
   285     5.36409270339641006888E-44
   286     8.28208439600018758889E-47
   287     2.58317266607308996454E-48
   288     3.08315913632643949520E-59
   289     1.55393596777295146818E-61
   290     3.90689274564086692098E-64
   291     8.55806503240654966506E-70
   292     7.02247576913043312390E-65
   293     1.26375192631469642733E-69
   294     2.27576179932486296867E-65
   295     1.73323411350046971620E-74
   296     6.05985364581198016482E-81
   297     1.57308835078833262720E-90
   298     9.24215868380908206796E-99
   299    2.84393996453440599983E-108
   300    1.58543514939897644820E-116
   301    2.32884525022218303820E-124
   302    6.96499016468392813751E-134
   303    5.32829342153460859287E-144
   304    9.30170573350184640316E-119
   305    1.11627413205491711105E-111
   306    7.23912341292154940959E-100
   307     7.48449846916746957687E-94
   308     4.07083411904725977937E-83
   309     8.16603585021436394081E-78
   310     3.78158195523625907664E-69
   311     4.02820530984120775283E-65
   312     1.65753843691169997964E-59
   313     4.42316569711294612323E-58
   314     3.27551583152948145139E-53
   315     1.40478977027600615310E-52
   316     1.84494517686301063325E-48
   317     2.36422714901514730640E-48
   318     1.62805290410222992379E-44
   319     9.96358392804847531078E-46
   320     3.68290712881929842711E-42
   321     3.86679770317441435682E-45
   322     1.58447607818518837178E-42
   323     1.33419030092278867992E-45
   324     7.08695356042931792374E-44
   325     3.15270554956373963317E-48
   326     5.11612225030115454077E-44
   327     1.46527338209591176706E-49
   328     4.68075200495745940932E-50
   329     1.21843963423289267934E-41
   330     4.47485085566405506309E-48
   331     8.77997659355284208318E-47
   332     4.80426704551936632730E-41
   333     2.11222354359835695467E-59
   334     4.60084182673153537659E-72
   335     5.51680354996110619569E-80
   336     5.30001800976889870827E-91
   337     5.51626944018194485075E-99
